dx1[1,1] 1 50
dx1[2,1] 51 100
dx1[1,2] 101 150
dx1[2,2] 151 200
dx1[1,3] 201 250
dx1[2,3] 251 300
dx1[1,4] 301 350
dx1[2,4] 351 400
dx1[1,5] 401 450
dx1[2,5] 451 500
dx1[1,6] 501 550
dx1[2,6] 551 600
dx1[1,7] 601 650
dx1[2,7] 651 700
dx1[1,8] 701 750
dx1[2,8] 751 800
dx1[1,9] 801 850
dx1[2,9] 851 900
dx1[1,10] 901 950
dx1[2,10] 951 1000
dx1[1,11] 1001 1050
dx1[2,11] 1051 1100
dx1[1,12] 1101 1150
dx1[2,12] 1151 1200
dx1[1,13] 1201 1250
dx1[2,13] 1251 1300
dx1[1,14] 1301 1350
dx1[2,14] 1351 1400
dx1[1,15] 1401 1450
dx1[2,15] 1451 1500
dx2[1,1] 1501 1550
dx2[2,1] 1551 1600
dx2[1,2] 1601 1650
dx2[2,2] 1651 1700
dx2[1,3] 1701 1750
dx2[2,3] 1751 1800
dx2[1,4] 1801 1850
dx2[2,4] 1851 1900
dx2[1,5] 1901 1950
dx2[2,5] 1951 2000
dx2[1,6] 2001 2050
dx2[2,6] 2051 2100
dx2[1,7] 2101 2150
dx2[2,7] 2151 2200
dx2[1,8] 2201 2250
dx2[2,8] 2251 2300
dx2[1,9] 2301 2350
dx2[2,9] 2351 2400
dx2[1,10] 2401 2450
dx2[2,10] 2451 2500
dx2[1,11] 2501 2550
dx2[2,11] 2551 2600
dx2[1,12] 2601 2650
dx2[2,12] 2651 2700
dx2[1,13] 2701 2750
dx2[2,13] 2751 2800
dx2[1,14] 2801 2850
dx2[2,14] 2851 2900
dx2[1,15] 2901 2950
dx2[2,15] 2951 3000
dx3[1,1] 3001 3050
dx3[2,1] 3051 3100
dx3[1,2] 3101 3150
dx3[2,2] 3151 3200
dx3[1,3] 3201 3250
dx3[2,3] 3251 3300
dx3[1,4] 3301 3350
dx3[2,4] 3351 3400
dx3[1,5] 3401 3450
dx3[2,5] 3451 3500
dx3[1,6] 3501 3550
dx3[2,6] 3551 3600
dx3[1,7] 3601 3650
dx3[2,7] 3651 3700
dx3[1,8] 3701 3750
dx3[2,8] 3751 3800
dx3[1,9] 3801 3850
dx3[2,9] 3851 3900
dx3[1,10] 3901 3950
dx3[2,10] 3951 4000
dx3[1,11] 4001 4050
dx3[2,11] 4051 4100
dx3[1,12] 4101 4150
dx3[2,12] 4151 4200
dx3[1,13] 4201 4250
dx3[2,13] 4251 4300
dx3[1,14] 4301 4350
dx3[2,14] 4351 4400
dx3[1,15] 4401 4450
dx3[2,15] 4451 4500
dx4[1,1] 4501 4550
dx4[2,1] 4551 4600
dx4[1,2] 4601 4650
dx4[2,2] 4651 4700
dx4[1,3] 4701 4750
dx4[2,3] 4751 4800
dx4[1,4] 4801 4850
dx4[2,4] 4851 4900
dx4[1,5] 4901 4950
dx4[2,5] 4951 5000
dx4[1,6] 5001 5050
dx4[2,6] 5051 5100
dx4[1,7] 5101 5150
dx4[2,7] 5151 5200
dx4[1,8] 5201 5250
dx4[2,8] 5251 5300
dx4[1,9] 5301 5350
dx4[2,9] 5351 5400
dx4[1,10] 5401 5450
dx4[2,10] 5451 5500
dx4[1,11] 5501 5550
dx4[2,11] 5551 5600
dx4[1,12] 5601 5650
dx4[2,12] 5651 5700
dx4[1,13] 5701 5750
dx4[2,13] 5751 5800
dx4[1,14] 5801 5850
dx4[2,14] 5851 5900
dx4[1,15] 5901 5950
dx4[2,15] 5951 6000
pa1[1,1] 6001 6050
pa1[2,1] 6051 6100
pa1[1,2] 6101 6150
pa1[2,2] 6151 6200
pa1[1,3] 6201 6250
pa1[2,3] 6251 6300
pa1[1,4] 6301 6350
pa1[2,4] 6351 6400
pa1[1,5] 6401 6450
pa1[2,5] 6451 6500
pa1[1,6] 6501 6550
pa1[2,6] 6551 6600
pa1[1,7] 6601 6650
pa1[2,7] 6651 6700
pa1[1,8] 6701 6750
pa1[2,8] 6751 6800
pa1[1,9] 6801 6850
pa1[2,9] 6851 6900
pa1[1,10] 6901 6950
pa1[2,10] 6951 7000
pa1[1,11] 7001 7050
pa1[2,11] 7051 7100
pa1[1,12] 7101 7150
pa1[2,12] 7151 7200
pa1[1,13] 7201 7250
pa1[2,13] 7251 7300
pa1[1,14] 7301 7350
pa1[2,14] 7351 7400
pa1[1,15] 7401 7450
pa1[2,15] 7451 7500
pa2[1,1] 7501 7550
pa2[2,1] 7551 7600
pa2[1,2] 7601 7650
pa2[2,2] 7651 7700
pa2[1,3] 7701 7750
pa2[2,3] 7751 7800
pa2[1,4] 7801 7850
pa2[2,4] 7851 7900
pa2[1,5] 7901 7950
pa2[2,5] 7951 8000
pa2[1,6] 8001 8050
pa2[2,6] 8051 8100
pa2[1,7] 8101 8150
pa2[2,7] 8151 8200
pa2[1,8] 8201 8250
pa2[2,8] 8251 8300
pa2[1,9] 8301 8350
pa2[2,9] 8351 8400
pa2[1,10] 8401 8450
pa2[2,10] 8451 8500
pa2[1,11] 8501 8550
pa2[2,11] 8551 8600
pa2[1,12] 8601 8650
pa2[2,12] 8651 8700
pa2[1,13] 8701 8750
pa2[2,13] 8751 8800
pa2[1,14] 8801 8850
pa2[2,14] 8851 8900
pa2[1,15] 8901 8950
pa2[2,15] 8951 9000
pb1[1,1] 9001 9050
pb1[2,1] 9051 9100
pb1[1,2] 9101 9150
pb1[2,2] 9151 9200
pb1[1,3] 9201 9250
pb1[2,3] 9251 9300
pb1[1,4] 9301 9350
pb1[2,4] 9351 9400
pb1[1,5] 9401 9450
pb1[2,5] 9451 9500
pb1[1,6] 9501 9550
pb1[2,6] 9551 9600
pb1[1,7] 9601 9650
pb1[2,7] 9651 9700
pb1[1,8] 9701 9750
pb1[2,8] 9751 9800
pb1[1,9] 9801 9850
pb1[2,9] 9851 9900
pb1[1,10] 9901 9950
pb1[2,10] 9951 10000
pb1[1,11] 10001 10050
pb1[2,11] 10051 10100
pb1[1,12] 10101 10150
pb1[2,12] 10151 10200
pb1[1,13] 10201 10250
pb1[2,13] 10251 10300
pb1[1,14] 10301 10350
pb1[2,14] 10351 10400
pb1[1,15] 10401 10450
pb1[2,15] 10451 10500
pb2[1,1] 10501 10550
pb2[2,1] 10551 10600
pb2[1,2] 10601 10650
pb2[2,2] 10651 10700
pb2[1,3] 10701 10750
pb2[2,3] 10751 10800
pb2[1,4] 10801 10850
pb2[2,4] 10851 10900
pb2[1,5] 10901 10950
pb2[2,5] 10951 11000
pb2[1,6] 11001 11050
pb2[2,6] 11051 11100
pb2[1,7] 11101 11150
pb2[2,7] 11151 11200
pb2[1,8] 11201 11250
pb2[2,8] 11251 11300
pb2[1,9] 11301 11350
pb2[2,9] 11351 11400
pb2[1,10] 11401 11450
pb2[2,10] 11451 11500
pb2[1,11] 11501 11550
pb2[2,11] 11551 11600
pb2[1,12] 11601 11650
pb2[2,12] 11651 11700
pb2[1,13] 11701 11750
pb2[2,13] 11751 11800
pb2[1,14] 11801 11850
pb2[2,14] 11851 11900
pb2[1,15] 11901 11950
pb2[2,15] 11951 12000
y_pt[1,1] 12001 12050
y_pt[2,1] 12051 12100
y_pt[1,2] 12101 12150
y_pt[2,2] 12151 12200
y_pt[1,3] 12201 12250
y_pt[2,3] 12251 12300
y_pt[1,4] 12301 12350
y_pt[2,4] 12351 12400
y_pt[1,5] 12401 12450
y_pt[2,5] 12451 12500
y_pt[1,6] 12501 12550
y_pt[2,6] 12551 12600
y_pt[1,7] 12601 12650
y_pt[2,7] 12651 12700
y_pt[1,8] 12701 12750
y_pt[2,8] 12751 12800
y_pt[1,9] 12801 12850
y_pt[2,9] 12851 12900
y_pt[1,10] 12901 12950
y_pt[2,10] 12951 13000
y_pt[1,11] 13001 13050
y_pt[2,11] 13051 13100
y_pt[1,12] 13101 13150
y_pt[2,12] 13151 13200
y_pt[1,13] 13201 13250
y_pt[2,13] 13251 13300
y_pt[1,14] 13301 13350
y_pt[2,14] 13351 13400
y_pt[1,15] 13401 13450
y_pt[2,15] 13451 13500
alpha_pt[1] 13501 13550
alpha_pt[2] 13551 13600
gamma_pt[1] 13601 13650
gamma_pt[2] 13651 13700
delta_pt[1] 13701 13750
delta_pt[2] 13751 13800
beta_pt[1] 13801 13850
beta_pt[2] 13851 13900
y_lml[1,1] 13901 13950
y_lml[2,1] 13951 14000
y_lml[1,2] 14001 14050
y_lml[2,2] 14051 14100
y_lml[1,3] 14101 14150
y_lml[2,3] 14151 14200
y_lml[1,4] 14201 14250
y_lml[2,4] 14251 14300
y_lml[1,5] 14301 14350
y_lml[2,5] 14351 14400
y_lml[1,6] 14401 14450
y_lml[2,6] 14451 14500
y_lml[1,7] 14501 14550
y_lml[2,7] 14551 14600
y_lml[1,8] 14601 14650
y_lml[2,8] 14651 14700
y_lml[1,9] 14701 14750
y_lml[2,9] 14751 14800
y_lml[1,10] 14801 14850
y_lml[2,10] 14851 14900
y_lml[1,11] 14901 14950
y_lml[2,11] 14951 15000
y_lml[1,12] 15001 15050
y_lml[2,12] 15051 15100
y_lml[1,13] 15101 15150
y_lml[2,13] 15151 15200
y_lml[1,14] 15201 15250
y_lml[2,14] 15251 15300
y_lml[1,15] 15301 15350
y_lml[2,15] 15351 15400
alpha_lml[1] 15401 15450
alpha_lml[2] 15451 15500
gamma_lml[1] 15501 15550
gamma_lml[2] 15551 15600
delta_lml[1] 15601 15650
delta_lml[2] 15651 15700
beta_lml[1] 15701 15750
beta_lml[2] 15751 15800
