1.000000000000000
0.000000000000000
0.000000000000000
1.000000000000000
1.000000000000000
0.000000000000000
1.000000000000000
0.000000000000000
0.804566455897086
0.195433544102914
0.997502075775507
0.002497924224494
1.000000000000000
0.000000000000000
1.000000000000000
0.000000000000000
1.000000000000000
0.000000000000000
1.000000000000000
0.000000000000000
0.989588219175846
0.010411780824154
0.969473473074166
0.030526526925834
0.961649427989747
0.038350572010253
0.973719799313016
0.026280200686984
0.984252203441442
0.015747796558558
0.925096363155940
0.074903636844060
0.973719799313016
0.026280200686984
0.985912733189759
0.014087266810241
0.981361391704259
0.018638608295741
0.979548341273302
0.020451658726698
