101  50
102  50
103  50
104  50
105  50
106  50
107  50
108  50
109  50
110  50
111  50
112  50
113  50
114  50
115  50
116  50
117  50
118  50
119  50
120  50
121  50
122  50
123  50
124  50
125  50
126  50
127  50
128  50
129  50
130  50
131  50
132  50
133  50
134  50
135  50
136  50
137  50
138  50
139  50
140  50
141  50
142  50
143  50
144  50
145  50
146  50
147  50
148  50
149  50
150  50
101  50
102  50
103  50
104  50
105  50
106  50
107  50
108  50
109  50
110  50
111  50
112  50
113  50
114  50
115  50
116  50
117  50
118  50
119  50
120  50
121  50
122  50
123  50
124  50
125  50
126  50
127  50
128  50
129  50
130  50
131  50
132  50
133  50
134  50
135  50
136  50
137  50
138  50
139  50
140  50
141  50
142  50
143  50
144  50
145  50
146  50
147  50
148  50
149  50
150  50
101  50
102  50
103  50
104  50
105  50
106  50
107  50
108  50
109  50
110  50
111  50
112  50
113  50
114  50
115  50
116  50
117  50
118  50
119  50
120  50
121  50
122  50
123  50
124  50
125  50
126  50
127  50
128  50
129  50
130  50
131  50
132  50
133  50
134  50
135  50
136  50
137  50
138  50
139  50
140  50
141  50
142  50
143  50
144  50
145  50
146  50
147  50
148  50
149  50
150  50
101  50
102  50
103  50
104  50
105  50
106  50
107  50
108  50
109  50
110  50
111  50
112  50
113  50
114  50
115  50
116  50
117  50
118  50
119  50
120  50
121  50
122  50
123  50
124  50
125  50
126  50
127  50
128  50
129  50
130  50
131  50
132  50
133  50
134  50
135  50
136  50
137  50
138  50
139  50
140  50
141  50
142  50
143  50
144  50
145  50
146  50
147  50
148  50
149  50
150  50
101  0
102  0
103  0
104  0
105  0
106  0
107  0
108  0
109  0
110  0
111  0
112  0
113  0
114  0
115  0
116  0
117  0
118  0
119  0
120  0
121  0
122  0
123  0
124  0
125  0
126  0
127  0
128  0
129  0
130  0
131  0
132  0
133  0
134  0
135  0
136  0
137  0
138  0
139  0
140  0
141  0
142  0
143  0
144  0
145  0
146  0
147  0
148  0
149  0
150  0
101  0
102  0
103  0
104  0
105  0
106  0
107  0
108  0
109  0
110  0
111  0
112  0
113  0
114  0
115  0
116  0
117  0
118  0
119  0
120  0
121  0
122  0
123  0
124  0
125  0
126  0
127  0
128  0
129  0
130  0
131  0
132  0
133  0
134  0
135  0
136  0
137  0
138  0
139  0
140  0
141  0
142  0
143  0
144  0
145  0
146  0
147  0
148  0
149  0
150  0
101  0
102  0
103  0
104  0
105  0
106  0
107  0
108  0
109  0
110  0
111  0
112  0
113  0
114  0
115  0
116  0
117  0
118  0
119  0
120  0
121  0
122  0
123  0
124  0
125  0
126  0
127  0
128  0
129  0
130  0
131  0
132  0
133  0
134  0
135  0
136  0
137  0
138  0
139  0
140  0
141  0
142  0
143  0
144  0
145  0
146  0
147  0
148  0
149  0
150  0
101  0
102  0
103  0
104  0
105  0
106  0
107  0
108  0
109  0
110  0
111  0
112  0
113  0
114  0
115  0
116  0
117  0
118  0
119  0
120  0
121  0
122  0
123  0
124  0
125  0
126  0
127  0
128  0
129  0
130  0
131  0
132  0
133  0
134  0
135  0
136  0
137  0
138  0
139  0
140  0
141  0
142  0
143  0
144  0
145  0
146  0
147  0
148  0
149  0
150  0
101  5
102  5
103  5
104  5
105  5
106  5
107  5
108  5
109  5
110  5
111  5
112  5
113  5
114  5
115  5
116  5
117  5
118  5
119  5
120  5
121  5
122  5
123  5
124  5
125  5
126  5
127  5
128  5
129  5
130  5
131  5
132  5
133  5
134  5
135  5
136  5
137  5
138  5
139  5
140  5
141  5
142  5
143  5
144  5
145  5
146  5
147  5
148  5
149  5
150  5
101  5
102  5
103  5
104  5
105  5
106  5
107  5
108  5
109  5
110  5
111  5
112  5
113  5
114  5
115  5
116  5
117  5
118  5
119  5
120  5
121  5
122  5
123  5
124  5
125  5
126  5
127  5
128  5
129  5
130  5
131  5
132  5
133  5
134  5
135  5
136  5
137  5
138  5
139  5
140  5
141  5
142  5
143  5
144  5
145  5
146  5
147  5
148  5
149  5
150  5
101  5
102  5
103  5
104  5
105  5
106  5
107  5
108  5
109  5
110  5
111  5
112  5
113  5
114  5
115  5
116  5
117  5
118  5
119  5
120  5
121  5
122  5
123  5
124  5
125  5
126  5
127  5
128  5
129  5
130  5
131  5
132  5
133  5
134  5
135  5
136  5
137  5
138  5
139  5
140  5
141  5
142  5
143  5
144  5
145  5
146  5
147  5
148  5
149  5
150  5
101  5
102  5
103  5
104  5
105  5
106  5
107  5
108  5
109  5
110  5
111  5
112  5
113  5
114  5
115  5
116  5
117  5
118  5
119  5
120  5
121  5
122  5
123  5
124  5
125  5
126  5
127  5
128  5
129  5
130  5
131  5
132  5
133  5
134  5
135  5
136  5
137  5
138  5
139  5
140  5
141  5
142  5
143  5
144  5
145  5
146  5
147  5
148  5
149  5
150  5
101  0
102  0
103  0
104  0
105  0
106  0
107  0
108  0
109  0
110  0
111  0
112  0
113  0
114  0
115  0
116  0
117  0
118  0
119  0
120  0
121  0
122  0
123  0
124  0
125  0
126  0
127  0
128  0
129  0
130  0
131  0
132  0
133  0
134  0
135  0
136  0
137  0
138  0
139  0
140  0
141  0
142  0
143  0
144  0
145  0
146  0
147  0
148  0
149  0
150  0
101  0
102  0
103  0
104  0
105  0
106  0
107  0
108  0
109  0
110  0
111  0
112  0
113  0
114  0
115  0
116  0
117  0
118  0
119  0
120  0
121  0
122  0
123  0
124  0
125  0
126  0
127  0
128  0
129  0
130  0
131  0
132  0
133  0
134  0
135  0
136  0
137  0
138  0
139  0
140  0
141  0
142  0
143  0
144  0
145  0
146  0
147  0
148  0
149  0
150  0
101  0
102  0
103  0
104  0
105  0
106  0
107  0
108  0
109  0
110  0
111  0
112  0
113  0
114  0
115  0
116  0
117  0
118  0
119  0
120  0
121  0
122  0
123  0
124  0
125  0
126  0
127  0
128  0
129  0
130  0
131  0
132  0
133  0
134  0
135  0
136  0
137  0
138  0
139  0
140  0
141  0
142  0
143  0
144  0
145  0
146  0
147  0
148  0
149  0
150  0
101  0
102  0
103  0
104  0
105  0
106  0
107  0
108  0
109  0
110  0
111  0
112  0
113  0
114  0
115  0
116  0
117  0
118  0
119  0
120  0
121  0
122  0
123  0
124  0
125  0
126  0
127  0
128  0
129  0
130  0
131  0
132  0
133  0
134  0
135  0
136  0
137  0
138  0
139  0
140  0
141  0
142  0
143  0
144  0
145  0
146  0
147  0
148  0
149  0
150  0
101  0
102  0
103  0
104  0
105  0
106  0
107  0
108  0
109  0
110  0
111  0
112  0
113  0
114  0
115  0
116  0
117  0
118  0
119  0
120  0
121  0
122  0
123  0
124  0
125  0
126  0
127  0
128  0
129  0
130  0
131  0
132  0
133  0
134  0
135  0
136  0
137  0
138  0
139  0
140  0
141  0
142  0
143  0
144  0
145  0
146  0
147  0
148  0
149  0
150  0
101  0
102  0
103  0
104  0
105  0
106  0
107  0
108  0
109  0
110  0
111  0
112  0
113  0
114  0
115  0
116  0
117  0
118  0
119  0
120  0
121  0
122  0
123  0
124  0
125  0
126  0
127  0
128  0
129  0
130  0
131  0
132  0
133  0
134  0
135  0
136  0
137  0
138  0
139  0
140  0
141  0
142  0
143  0
144  0
145  0
146  0
147  0
148  0
149  0
150  0
101  0
102  0
103  0
104  0
105  0
106  0
107  0
108  0
109  0
110  0
111  0
112  0
113  0
114  0
115  0
116  0
117  0
118  0
119  0
120  0
121  0
122  0
123  0
124  0
125  0
126  0
127  0
128  0
129  0
130  0
131  0
132  0
133  0
134  0
135  0
136  0
137  0
138  0
139  0
140  0
141  0
142  0
143  0
144  0
145  0
146  0
147  0
148  0
149  0
150  0
101  0
102  0
103  0
104  0
105  0
106  0
107  0
108  0
109  0
110  0
111  0
112  0
113  0
114  0
115  0
116  0
117  0
118  0
119  0
120  0
121  0
122  0
123  0
124  0
125  0
126  0
127  0
128  0
129  0
130  0
131  0
132  0
133  0
134  0
135  0
136  0
137  0
138  0
139  0
140  0
141  0
142  0
143  0
144  0
145  0
146  0
147  0
148  0
149  0
150  0
101  1
102  1
103  1
104  1
105  1
106  1
107  1
108  1
109  1
110  1
111  1
112  1
113  1
114  1
115  1
116  1
117  1
118  1
119  1
120  1
121  1
122  1
123  1
124  1
125  1
126  1
127  1
128  1
129  1
130  1
131  1
132  1
133  1
134  1
135  1
136  1
137  1
138  1
139  1
140  1
141  1
142  1
143  1
144  1
145  1
146  1
147  1
148  1
149  1
150  1
101  1
102  1
103  1
104  1
105  1
106  1
107  1
108  1
109  1
110  1
111  1
112  1
113  1
114  1
115  1
116  1
117  1
118  1
119  1
120  1
121  1
122  1
123  1
124  1
125  1
126  1
127  1
128  1
129  1
130  1
131  1
132  1
133  1
134  1
135  1
136  1
137  1
138  1
139  1
140  1
141  1
142  1
143  1
144  1
145  1
146  1
147  1
148  1
149  1
150  1
101  1
102  1
103  1
104  1
105  1
106  1
107  1
108  1
109  1
110  1
111  1
112  1
113  1
114  1
115  1
116  1
117  1
118  1
119  1
120  1
121  1
122  1
123  1
124  1
125  1
126  1
127  1
128  1
129  1
130  1
131  1
132  1
133  1
134  1
135  1
136  1
137  1
138  1
139  1
140  1
141  1
142  1
143  1
144  1
145  1
146  1
147  1
148  1
149  1
150  1
101  1
102  1
103  1
104  1
105  1
106  1
107  1
108  1
109  1
110  1
111  1
112  1
113  1
114  1
115  1
116  1
117  1
118  1
119  1
120  1
121  1
122  1
123  1
124  1
125  1
126  1
127  1
128  1
129  1
130  1
131  1
132  1
133  1
134  1
135  1
136  1
137  1
138  1
139  1
140  1
141  1
142  1
143  1
144  1
145  1
146  1
147  1
148  1
149  1
150  1
101  0
102  0
103  0
104  0
105  0
106  0
107  0
108  0
109  0
110  0
111  0
112  0
113  0
114  0
115  0
116  0
117  0
118  0
119  0
120  0
121  0
122  0
123  0
124  0
125  0
126  0
127  0
128  0
129  0
130  0
131  0
132  0
133  0
134  0
135  0
136  0
137  0
138  0
139  0
140  0
141  0
142  0
143  0
144  0
145  0
146  0
147  0
148  0
149  0
150  0
101  0
102  0
103  0
104  0
105  0
106  0
107  0
108  0
109  0
110  0
111  0
112  0
113  0
114  0
115  0
116  0
117  0
118  0
119  0
120  0
121  0
122  0
123  0
124  0
125  0
126  0
127  0
128  0
129  0
130  0
131  0
132  0
133  0
134  0
135  0
136  0
137  0
138  0
139  0
140  0
141  0
142  0
143  0
144  0
145  0
146  0
147  0
148  0
149  0
150  0
101  0
102  0
103  0
104  0
105  0
106  0
107  0
108  0
109  0
110  0
111  0
112  0
113  0
114  0
115  0
116  0
117  0
118  0
119  0
120  0
121  0
122  0
123  0
124  0
125  0
126  0
127  0
128  0
129  0
130  0
131  0
132  0
133  0
134  0
135  0
136  0
137  0
138  0
139  0
140  0
141  0
142  0
143  0
144  0
145  0
146  0
147  0
148  0
149  0
150  0
101  0
102  0
103  0
104  0
105  0
106  0
107  0
108  0
109  0
110  0
111  0
112  0
113  0
114  0
115  0
116  0
117  0
118  0
119  0
120  0
121  0
122  0
123  0
124  0
125  0
126  0
127  0
128  0
129  0
130  0
131  0
132  0
133  0
134  0
135  0
136  0
137  0
138  0
139  0
140  0
141  0
142  0
143  0
144  0
145  0
146  0
147  0
148  0
149  0
150  0
101  0.272023
102  0.378099
103  0.403029
104  0.268309
105  0.206856
106  0.676578
107  0.418214
108  0.13593
109  0.267283
110  0.353561
111  0.379369
112  0.395638
113  0.400221
114  0.39315
115  0.298502
116  0.133534
117  0.405666
118  0.317617
119  0.185587
120  0.135106
121  0.0663803
122  0.0714929
123  0.203937
124  0.193375
125  0.306786
126  0.285948
127  0.280593
128  0.266979
129  0.264668
130  0.295397
131  0.239206
132  0.243633
133  0.954578
134  0.899609
135  0.589235
136  0.284314
137  0.221377
138  0.0517444
139  0.039007
140  0.0613921
141  0.223621
142  0.197089
143  0.333077
144  0.28781
145  0.209988
146  0.292118
147  0.141112
148  0.0861281
149  0.132071
150  0.121299
101  0.274337
102  0.229203
103  0.351368
104  0.162196
105  0.26129
106  0.675268
107  0.44719
108  0.615831
109  0.373927
110  0.359959
111  0.411377
112  0.407697
113  0.405109
114  0.388175
115  0.411334
116  0.25788
117  0.280231
118  0.159205
119  0.171358
120  0.180041
121  0.126921
122  0.192037
123  0.115479
124  0.198151
125  0.252404
126  0.257237
127  0.266659
128  0.27903
129  0.277947
130  0.284425
131  0.329621
132  0.409873
133  0.429248
134  0.155925
135  0.197434
136  0.225781
137  0.0911029
138  0.17115
139  0.183653
140  0.0586785
141  0.0548403
142  0.0470129
143  0.0839754
144  0.500288
145  0.429227
146  0.242343
147  0.302649
148  0.239185
149  0.0798044
150  0.127094
101  0.973296
102  0.997924
103  0.899643
104  1.04252
105  1.37599
106  0.637354
107  1.90011
108  0.433887
109  2.29506
110  0.489756
111  0.715066
112  0.260294
113  0.227455
114  0.167438
115  0.1503
116  0.237473
117  0.232275
118  0.134463
119  0.118396
120  0.344691
121  0.142304
122  0.0842788
123  0.076349
124  0.102587
125  0.0899557
126  0.111645
127  0.0985901
128  0.087645
129  0.118345
130  0.309411
131  0.296857
132  0.59077
133  0.400275
134  0.274428
135  0.286952
136  0.443004
137  0.506844
138  0.527461
139  0.335083
140  0.56065
141  0.502646
142  1.63018
143  0.396501
144  1.13731
145  0.777209
146  1.06518
147  0.558887
148  0.53173
149  0.548181
150  0.590926
101  1.12813
102  1.10644
103  0.679266
104  1.68322
105  1.96975
106  1.88385
107  0.173566
108  1.06715
109  1.95706
110  1.42242
111  1.85522
112  0.138738
113  0.0652495
114  0.0854932
115  0.550796
116  0.43791
117  0.165941
118  0.449416
119  1.02982
120  0.0597352
121  0.268523
122  0.167773
123  0.13923
124  0.1107
125  0.150231
126  0.106543
127  0.111064
128  0.0692904
129  0.307194
130  0.200193
131  0.372215
132  0.500088
133  0.416236
134  0.465418
135  0.410212
136  0.346746
137  0.383434
138  0.500308
139  0.505096
140  0.387975
141  0.571355
142  0.554234
143  2.9002
144  1.49364
145  0.752557
146  0.777704
147  0.444366
148  0.509892
149  0.609837
150  0.622328
101  0.296409
102  0.587291
103  0.572995
104  0.970084
105  0.984626
106  1.1084
107  0.970925
108  0.980304
109  0.942905
110  0.894782
111  0.501182
112  0.760142
113  0.743361
114  0.715638
115  0.708986
116  0.722984
117  0.680257
118  0.714797
119  0.749164
120  0.582044
121  1.27815
122  0.94713
123  0.836121
124  0.280611
125  0.437918
126  1.12463
127  0.398804
128  0.088297
129  0.277445
130  0.292096
131  0.91211
132  0.325526
133  0.494901
134  1.15058
135  0.225514
136  0.228591
137  0.216596
138  0.0887619
139  0.189237
140  0.194077
141  0.136672
142  0.165117
143  0.176635
144  0.220022
145  0.19318
146  0.179005
147  0.20393
148  0.183093
149  0.14032
150  0.850226
101  0.518699
102  0.522252
103  0.575385
104  0.636922
105  0.57027
106  1.05987
107  1.18669
108  1.05674
109  0.924284
110  1.23612
111  1.05579
112  0.712376
113  0.790908
114  0.798081
115  0.714227
116  0.694658
117  1.16595
118  0.866184
119  0.52998
120  0.921414
121  0.465944
122  1.15452
123  0.507022
124  0.695555
125  1.07018
126  0.988613
127  0.471728
128  0.210619
129  0.0827242
130  0.679102
131  0.624174
132  0.619546
133  0.336562
134  0.333348
135  1.01675
136  0.796715
137  0.139752
138  0.0839262
139  0.167976
140  0.159703
141  0.14924
142  0.152169
143  0.180707
144  0.208807
145  0.181223
146  0.250562
147  0.154777
148  0.169633
149  0.261648
150  0.359134
101  15.7046
102  1.81238
103  1.79619
104  9.73789
105  3.36058
106  7.29091
107  5.60474
108  3.46182
109  1.36261
110  0.553917
111  0.588203
112  0.088033
113  0.0879271
114  0.0321987
115  0.0306802
116  0.52473
117  0.80717
118  0.26379
119  7.90787
120  6.86725
121  33.4412
122  3.10008
123  4.39289
124  1.89216
125  1.97305
126  1.57041
127  15.7176
128  15.8292
129  32.3516
130  7.29695
131  0.921246
132  4.60328
133  0.4146
134  0.430814
135  0.495348
136  0.35619
137  0.323642
138  0.266043
139  0.336117
140  0.327861
141  0.359827
142  0.350435
143  0.216717
144  0.73259
145  0.776041
146  0.230888
147  0.155668
148  0.161221
149  0.361679
150  0.15249
101  13.2444
102  7.97959
103  9.50859
104  6.51725
105  21.2088
106  7.54117
107  7.69288
108  4.70251
109  3.42194
110  1.44903
111  0.858417
112  0.486611
113  0.056877
114  0.187665
115  0.353171
116  0.0850362
117  0.0831593
118  0.340734
119  5.40483
120  8.2878
121  10.9769
122  13.123
123  4.66042
124  4.89362
125  4.37706
126  2.26612
127  1.26155
128  0.578397
129  0.92728
130  3.70681
131  11.7995
132  12.7444
133  0.503388
134  0.624665
135  0.774614
136  0.362812
137  0.250394
138  0.328667
139  0.317813
140  0.308679
141  0.387385
142  0.415864
143  1.83809
144  0.973663
145  0.0837305
146  0.115183
147  0.164584
148  0.307148
149  0.529527
150  1.49639
101  0.773705
102  0.755856
103  0.793481
104  0.823014
105  0.795942
106  0.772956
107  0.968213
108  0.782182
109  0.752984
110  0.789722
111  0.787529
112  1.00766
113  0.728658
114  0.756759
115  0.714913
116  0.687108
117  0.690407
118  1.04512
119  1.0208
120  0.987516
121  0.987095
122  0.764378
123  0.693498
124  0.860937
125  0.971214
126  1.09827
127  0.409068
128  2.04391
129  2.69967
130  11.1055
131  2.54984
132  4.27112
133  3.9746
134  5.17355
135  5.40617
136  11.6996
137  14.0953
138  11.0713
139  7.4523
140  185.628
141  697.25
142  110.363
143  263.797
144  17.4267
145  16.5605
146  12.0803
147  8.30994
148  7.99604
149  6.21839
150  6.03974
101  0.790677
102  0.725068
103  0.735216
104  0.692943
105  0.671082
106  0.83043
107  1.01539
108  0.735006
109  0.826377
110  0.850199
111  0.903609
112  0.774904
113  0.826066
114  0.791935
115  0.724692
116  0.865803
117  0.871285
118  0.985997
119  0.947323
120  0.801739
121  0.788581
122  0.950156
123  0.824225
124  0.794121
125  1.0572
126  0.358242
127  1.44086
128  0.65149
129  4.92547
130  2.743
131  6.73156
132  1.81454
133  1.04191
134  2.69729
135  9.31367
136  11.145
137  7.23518
138  17.9976
139  25.0961
140  130.965
141  90.6152
142  46.3534
143  10.8425
144  6.76264
145  23.914
146  8.70879
147  8.44701
148  7.76013
149  7.15513
150  7.14626
101  0.981214
102  0.615111
103  0.684055
104  0.824874
105  0.993318
106  0.747529
107  1.65173
108  0.401693
109  0.371094
110  0.417834
111  1.6884
112  0.259006
113  0.902377
114  0.685022
115  0.484543
116  0.591239
117  0.583969
118  0.824071
119  0.743797
120  0.797202
121  0.867452
122  0.818842
123  0.750639
124  0.745575
125  0.486967
126  0.510643
127  0.62286
128  0.703553
129  0.309106
130  0.258318
131  0.153418
132  0.216924
133  0.453527
134  0.291071
135  0.463078
136  0.448028
137  0.458582
138  0.472046
139  0.469054
140  0.456994
141  0.464105
142  0.457754
143  0.464157
144  0.459689
145  0.445314
146  0.436538
147  0.437794
148  0.443722
149  0.439047
150  0.446151
101  0.837488
102  0.901001
103  0.648064
104  0.599017
105  0.551085
106  0.520556
107  0.476315
108  0.382206
109  0.465377
110  0.467339
111  0.797652
112  1.09043
113  0.60013
114  0.478958
115  0.663897
116  0.534518
117  0.795266
118  1.35593
119  0.555832
120  0.813891
121  1.04055
122  0.986082
123  0.822752
124  0.78034
125  0.496229
126  0.513675
127  0.529778
128  0.296614
129  0.517329
130  0.356097
131  0.41581
132  0.329229
133  0.499026
134  0.502592
135  0.372257
136  0.440206
137  0.451549
138  0.476387
139  0.476179
140  0.458062
141  0.467471
142  0.463791
143  0.465769
144  0.453011
145  0.44461
146  0.448218
147  0.461155
148  0.45425
149  0.43485
150  0.465682
