dx1[1,1,1] 1 50
dx1[2,1,1] 51 100
dx1[1,1,2] 101 150
dx1[2,1,2] 151 200
dx2[1,1,1] 201 250
dx2[2,1,1] 251 300
dx2[1,1,2] 301 350
dx2[2,1,2] 351 400
dx3[1,1,1] 401 450
dx3[2,1,1] 451 500
dx3[1,1,2] 501 550
dx3[2,1,2] 551 600
dx4[1,1,1] 601 650
dx4[2,1,1] 651 700
dx4[1,1,2] 701 750
dx4[2,1,2] 751 800
pa1[1,1,1] 801 850
pa1[2,1,1] 851 900
pa1[1,1,2] 901 950
pa1[2,1,2] 951 1000
pb1[1,1,1] 1001 1050
pb1[2,1,1] 1051 1100
pb1[1,1,2] 1101 1150
pb1[2,1,2] 1151 1200
y[1,1,1] 1201 1250
y[2,1,1] 1251 1300
y[1,1,2] 1301 1350
y[2,1,2] 1351 1400
alpha_pt[1,1] 1401 1450
alpha_pt[2,1] 1451 1500
gamma_pt[1,1] 1501 1550
gamma_pt[2,1] 1551 1600
delta_pt[1,1] 1601 1650
delta_pt[2,1] 1651 1700
beta_pt[1,1] 1701 1750
beta_pt[2,1] 1751 1800
beta_lml[1,1] 1801 1850
beta_lml[2,1] 1851 1900
alpha_lml[1,1] 1901 1950
alpha_lml[2,1] 1951 2000
