101  50
102  50
103  50
104  50
105  50
106  50
107  50
108  50
109  50
110  50
111  50
112  50
113  50
114  50
115  50
116  50
117  50
118  50
119  50
120  50
121  50
122  50
123  50
124  50
125  50
126  50
127  50
128  50
129  50
130  50
131  50
132  50
133  50
134  50
135  50
136  50
137  50
138  50
139  50
140  50
141  50
142  50
143  50
144  50
145  50
146  50
147  50
148  50
149  50
150  50
101  50
102  50
103  50
104  50
105  50
106  50
107  50
108  50
109  50
110  50
111  50
112  50
113  50
114  50
115  50
116  50
117  50
118  50
119  50
120  50
121  50
122  50
123  50
124  50
125  50
126  50
127  50
128  50
129  50
130  50
131  50
132  50
133  50
134  50
135  50
136  50
137  50
138  50
139  50
140  50
141  50
142  50
143  50
144  50
145  50
146  50
147  50
148  50
149  50
150  50
101  50
102  50
103  50
104  50
105  50
106  50
107  50
108  50
109  50
110  50
111  50
112  50
113  50
114  50
115  50
116  50
117  50
118  50
119  50
120  50
121  50
122  50
123  50
124  50
125  50
126  50
127  50
128  50
129  50
130  50
131  50
132  50
133  50
134  50
135  50
136  50
137  50
138  50
139  50
140  50
141  50
142  50
143  50
144  50
145  50
146  50
147  50
148  50
149  50
150  50
101  50
102  50
103  50
104  50
105  50
106  50
107  50
108  50
109  50
110  50
111  50
112  50
113  50
114  50
115  50
116  50
117  50
118  50
119  50
120  50
121  50
122  50
123  50
124  50
125  50
126  50
127  50
128  50
129  50
130  50
131  50
132  50
133  50
134  50
135  50
136  50
137  50
138  50
139  50
140  50
141  50
142  50
143  50
144  50
145  50
146  50
147  50
148  50
149  50
150  50
101  0
102  0
103  0
104  0
105  0
106  0
107  0
108  0
109  0
110  0
111  0
112  0
113  0
114  0
115  0
116  0
117  0
118  0
119  0
120  0
121  0
122  0
123  0
124  0
125  0
126  0
127  0
128  0
129  0
130  0
131  0
132  0
133  0
134  0
135  0
136  0
137  0
138  0
139  0
140  0
141  0
142  0
143  0
144  0
145  0
146  0
147  0
148  0
149  0
150  0
101  0
102  0
103  0
104  0
105  0
106  0
107  0
108  0
109  0
110  0
111  0
112  0
113  0
114  0
115  0
116  0
117  0
118  0
119  0
120  0
121  0
122  0
123  0
124  0
125  0
126  0
127  0
128  0
129  0
130  0
131  0
132  0
133  0
134  0
135  0
136  0
137  0
138  0
139  0
140  0
141  0
142  0
143  0
144  0
145  0
146  0
147  0
148  0
149  0
150  0
101  0
102  0
103  0
104  0
105  0
106  0
107  0
108  0
109  0
110  0
111  0
112  0
113  0
114  0
115  0
116  0
117  0
118  0
119  0
120  0
121  0
122  0
123  0
124  0
125  0
126  0
127  0
128  0
129  0
130  0
131  0
132  0
133  0
134  0
135  0
136  0
137  0
138  0
139  0
140  0
141  0
142  0
143  0
144  0
145  0
146  0
147  0
148  0
149  0
150  0
101  0
102  0
103  0
104  0
105  0
106  0
107  0
108  0
109  0
110  0
111  0
112  0
113  0
114  0
115  0
116  0
117  0
118  0
119  0
120  0
121  0
122  0
123  0
124  0
125  0
126  0
127  0
128  0
129  0
130  0
131  0
132  0
133  0
134  0
135  0
136  0
137  0
138  0
139  0
140  0
141  0
142  0
143  0
144  0
145  0
146  0
147  0
148  0
149  0
150  0
101  5
102  5
103  5
104  5
105  5
106  5
107  5
108  5
109  5
110  5
111  5
112  5
113  5
114  5
115  5
116  5
117  5
118  5
119  5
120  5
121  5
122  5
123  5
124  5
125  5
126  5
127  5
128  5
129  5
130  5
131  5
132  5
133  5
134  5
135  5
136  5
137  5
138  5
139  5
140  5
141  5
142  5
143  5
144  5
145  5
146  5
147  5
148  5
149  5
150  5
101  5
102  5
103  5
104  5
105  5
106  5
107  5
108  5
109  5
110  5
111  5
112  5
113  5
114  5
115  5
116  5
117  5
118  5
119  5
120  5
121  5
122  5
123  5
124  5
125  5
126  5
127  5
128  5
129  5
130  5
131  5
132  5
133  5
134  5
135  5
136  5
137  5
138  5
139  5
140  5
141  5
142  5
143  5
144  5
145  5
146  5
147  5
148  5
149  5
150  5
101  5
102  5
103  5
104  5
105  5
106  5
107  5
108  5
109  5
110  5
111  5
112  5
113  5
114  5
115  5
116  5
117  5
118  5
119  5
120  5
121  5
122  5
123  5
124  5
125  5
126  5
127  5
128  5
129  5
130  5
131  5
132  5
133  5
134  5
135  5
136  5
137  5
138  5
139  5
140  5
141  5
142  5
143  5
144  5
145  5
146  5
147  5
148  5
149  5
150  5
101  5
102  5
103  5
104  5
105  5
106  5
107  5
108  5
109  5
110  5
111  5
112  5
113  5
114  5
115  5
116  5
117  5
118  5
119  5
120  5
121  5
122  5
123  5
124  5
125  5
126  5
127  5
128  5
129  5
130  5
131  5
132  5
133  5
134  5
135  5
136  5
137  5
138  5
139  5
140  5
141  5
142  5
143  5
144  5
145  5
146  5
147  5
148  5
149  5
150  5
101  0
102  0
103  0
104  0
105  0
106  0
107  0
108  0
109  0
110  0
111  0
112  0
113  0
114  0
115  0
116  0
117  0
118  0
119  0
120  0
121  0
122  0
123  0
124  0
125  0
126  0
127  0
128  0
129  0
130  0
131  0
132  0
133  0
134  0
135  0
136  0
137  0
138  0
139  0
140  0
141  0
142  0
143  0
144  0
145  0
146  0
147  0
148  0
149  0
150  0
101  0
102  0
103  0
104  0
105  0
106  0
107  0
108  0
109  0
110  0
111  0
112  0
113  0
114  0
115  0
116  0
117  0
118  0
119  0
120  0
121  0
122  0
123  0
124  0
125  0
126  0
127  0
128  0
129  0
130  0
131  0
132  0
133  0
134  0
135  0
136  0
137  0
138  0
139  0
140  0
141  0
142  0
143  0
144  0
145  0
146  0
147  0
148  0
149  0
150  0
101  0
102  0
103  0
104  0
105  0
106  0
107  0
108  0
109  0
110  0
111  0
112  0
113  0
114  0
115  0
116  0
117  0
118  0
119  0
120  0
121  0
122  0
123  0
124  0
125  0
126  0
127  0
128  0
129  0
130  0
131  0
132  0
133  0
134  0
135  0
136  0
137  0
138  0
139  0
140  0
141  0
142  0
143  0
144  0
145  0
146  0
147  0
148  0
149  0
150  0
101  0
102  0
103  0
104  0
105  0
106  0
107  0
108  0
109  0
110  0
111  0
112  0
113  0
114  0
115  0
116  0
117  0
118  0
119  0
120  0
121  0
122  0
123  0
124  0
125  0
126  0
127  0
128  0
129  0
130  0
131  0
132  0
133  0
134  0
135  0
136  0
137  0
138  0
139  0
140  0
141  0
142  0
143  0
144  0
145  0
146  0
147  0
148  0
149  0
150  0
101  0
102  0
103  0
104  0
105  0
106  0
107  0
108  0
109  0
110  0
111  0
112  0
113  0
114  0
115  0
116  0
117  0
118  0
119  0
120  0
121  0
122  0
123  0
124  0
125  0
126  0
127  0
128  0
129  0
130  0
131  0
132  0
133  0
134  0
135  0
136  0
137  0
138  0
139  0
140  0
141  0
142  0
143  0
144  0
145  0
146  0
147  0
148  0
149  0
150  0
101  0
102  0
103  0
104  0
105  0
106  0
107  0
108  0
109  0
110  0
111  0
112  0
113  0
114  0
115  0
116  0
117  0
118  0
119  0
120  0
121  0
122  0
123  0
124  0
125  0
126  0
127  0
128  0
129  0
130  0
131  0
132  0
133  0
134  0
135  0
136  0
137  0
138  0
139  0
140  0
141  0
142  0
143  0
144  0
145  0
146  0
147  0
148  0
149  0
150  0
101  0
102  0
103  0
104  0
105  0
106  0
107  0
108  0
109  0
110  0
111  0
112  0
113  0
114  0
115  0
116  0
117  0
118  0
119  0
120  0
121  0
122  0
123  0
124  0
125  0
126  0
127  0
128  0
129  0
130  0
131  0
132  0
133  0
134  0
135  0
136  0
137  0
138  0
139  0
140  0
141  0
142  0
143  0
144  0
145  0
146  0
147  0
148  0
149  0
150  0
101  0
102  0
103  0
104  0
105  0
106  0
107  0
108  0
109  0
110  0
111  0
112  0
113  0
114  0
115  0
116  0
117  0
118  0
119  0
120  0
121  0
122  0
123  0
124  0
125  0
126  0
127  0
128  0
129  0
130  0
131  0
132  0
133  0
134  0
135  0
136  0
137  0
138  0
139  0
140  0
141  0
142  0
143  0
144  0
145  0
146  0
147  0
148  0
149  0
150  0
101  1
102  1
103  1
104  1
105  1
106  1
107  1
108  1
109  1
110  1
111  1
112  1
113  1
114  1
115  1
116  1
117  1
118  1
119  1
120  1
121  1
122  1
123  1
124  1
125  1
126  1
127  1
128  1
129  1
130  1
131  1
132  1
133  1
134  1
135  1
136  1
137  1
138  1
139  1
140  1
141  1
142  1
143  1
144  1
145  1
146  1
147  1
148  1
149  1
150  1
101  1
102  1
103  1
104  1
105  1
106  1
107  1
108  1
109  1
110  1
111  1
112  1
113  1
114  1
115  1
116  1
117  1
118  1
119  1
120  1
121  1
122  1
123  1
124  1
125  1
126  1
127  1
128  1
129  1
130  1
131  1
132  1
133  1
134  1
135  1
136  1
137  1
138  1
139  1
140  1
141  1
142  1
143  1
144  1
145  1
146  1
147  1
148  1
149  1
150  1
101  1
102  1
103  1
104  1
105  1
106  1
107  1
108  1
109  1
110  1
111  1
112  1
113  1
114  1
115  1
116  1
117  1
118  1
119  1
120  1
121  1
122  1
123  1
124  1
125  1
126  1
127  1
128  1
129  1
130  1
131  1
132  1
133  1
134  1
135  1
136  1
137  1
138  1
139  1
140  1
141  1
142  1
143  1
144  1
145  1
146  1
147  1
148  1
149  1
150  1
101  1
102  1
103  1
104  1
105  1
106  1
107  1
108  1
109  1
110  1
111  1
112  1
113  1
114  1
115  1
116  1
117  1
118  1
119  1
120  1
121  1
122  1
123  1
124  1
125  1
126  1
127  1
128  1
129  1
130  1
131  1
132  1
133  1
134  1
135  1
136  1
137  1
138  1
139  1
140  1
141  1
142  1
143  1
144  1
145  1
146  1
147  1
148  1
149  1
150  1
101  0
102  0
103  0
104  0
105  0
106  0
107  0
108  0
109  0
110  0
111  0
112  0
113  0
114  0
115  0
116  0
117  0
118  0
119  0
120  0
121  0
122  0
123  0
124  0
125  0
126  0
127  0
128  0
129  0
130  0
131  0
132  0
133  0
134  0
135  0
136  0
137  0
138  0
139  0
140  0
141  0
142  0
143  0
144  0
145  0
146  0
147  0
148  0
149  0
150  0
101  0
102  0
103  0
104  0
105  0
106  0
107  0
108  0
109  0
110  0
111  0
112  0
113  0
114  0
115  0
116  0
117  0
118  0
119  0
120  0
121  0
122  0
123  0
124  0
125  0
126  0
127  0
128  0
129  0
130  0
131  0
132  0
133  0
134  0
135  0
136  0
137  0
138  0
139  0
140  0
141  0
142  0
143  0
144  0
145  0
146  0
147  0
148  0
149  0
150  0
101  0
102  0
103  0
104  0
105  0
106  0
107  0
108  0
109  0
110  0
111  0
112  0
113  0
114  0
115  0
116  0
117  0
118  0
119  0
120  0
121  0
122  0
123  0
124  0
125  0
126  0
127  0
128  0
129  0
130  0
131  0
132  0
133  0
134  0
135  0
136  0
137  0
138  0
139  0
140  0
141  0
142  0
143  0
144  0
145  0
146  0
147  0
148  0
149  0
150  0
101  0
102  0
103  0
104  0
105  0
106  0
107  0
108  0
109  0
110  0
111  0
112  0
113  0
114  0
115  0
116  0
117  0
118  0
119  0
120  0
121  0
122  0
123  0
124  0
125  0
126  0
127  0
128  0
129  0
130  0
131  0
132  0
133  0
134  0
135  0
136  0
137  0
138  0
139  0
140  0
141  0
142  0
143  0
144  0
145  0
146  0
147  0
148  0
149  0
150  0
101  0.102853
102  0.129256
103  0.133695
104  0.126744
105  0.227517
106  0.275503
107  0.221304
108  0.287304
109  0.206156
110  0.0875702
111  0.0862466
112  0.0899097
113  0.0736331
114  0.165647
115  0.227724
116  0.254825
117  0.541576
118  0.385766
119  0.434468
120  0.574152
121  0.337284
122  0.362651
123  0.278741
124  0.291795
125  0.235748
126  0.286559
127  0.262091
128  0.386673
129  0.496333
130  0.340685
131  0.312655
132  0.417122
133  0.411433
134  0.411308
135  0.341329
136  0.292571
137  0.312147
138  0.695691
139  0.51573
140  0.533835
141  0.584753
142  0.509345
143  0.370936
144  0.896036
145  1.50013
146  0.503243
147  0.655889
148  0.39275
149  0.504783
150  0.344638
101  0.112151
102  0.0831988
103  0.119981
104  0.11836
105  0.217824
106  0.236115
107  0.245006
108  0.239533
109  0.240996
110  0.198479
111  0.194787
112  0.147621
113  0.099991
114  0.172865
115  0.243074
116  0.303627
117  0.522902
118  0.307496
119  0.199847
120  0.236959
121  0.229965
122  0.918442
123  0.13371
124  0.370184
125  0.285609
126  0.278761
127  0.332736
128  0.303379
129  0.220555
130  0.4865
131  0.404645
132  0.42243
133  0.266061
134  0.168343
135  0.17835
136  0.620583
137  0.556747
138  0.467408
139  0.538118
140  0.629227
141  0.52353
142  0.496611
143  0.661526
144  0.382746
145  1.1712
146  0.774522
147  0.668984
148  0.682231
149  0.305879
150  0.572269
101  0.938938
102  0.956041
103  0.280657
104  0.620429
105  0.665136
106  0.198967
107  0.145796
108  0.201969
109  0.274432
110  0.146108
111  0.135058
112  0.168525
113  0.103937
114  0.142633
115  0.880956
116  0.29592
117  0.1225
118  0.162026
119  0.0977387
120  0.115936
121  0.0990252
122  0.113259
123  0.165087
124  0.0735029
125  0.112245
126  0.18426
127  0.141951
128  0.185588
129  0.171793
130  0.1184
131  0.143788
132  0.141133
133  0.142039
134  0.156383
135  0.146634
136  0.135368
137  0.140036
138  0.131725
139  0.154643
140  0.108663
141  0.123501
142  0.123465
143  0.1157
144  0.114622
145  0.170668
146  0.0796004
147  0.0687801
148  0.249397
149  0.179172
150  0.328323
101  0.699573
102  0.610507
103  1.32205
104  0.292943
105  0.478346
106  0.492956
107  0.295526
108  0.318159
109  0.25495
110  0.197066
111  0.193989
112  0.228615
113  0.218089
114  0.477916
115  0.589255
116  0.356364
117  0.265522
118  0.317744
119  0.0569904
120  0.119797
121  0.126489
122  0.151685
123  0.254149
124  0.172759
125  0.118203
126  0.183234
127  0.175725
128  0.167688
129  0.126463
130  0.175216
131  0.153929
132  0.163667
133  0.148307
134  0.142717
135  0.143368
136  0.142936
137  0.147495
138  0.145549
139  0.132964
140  0.138021
141  0.114847
142  0.114102
143  0.118412
144  0.134984
145  0.13821
146  0.16884
147  0.149207
148  0.117879
149  0.438083
150  0.112316
101  0.412661
102  0.456326
103  0.309583
104  0.618431
105  0.582364
106  0.620392
107  0.721093
108  0.73741
109  0.774646
110  0.773385
111  0.830303
112  0.867941
113  0.864877
114  0.863887
115  0.85862
116  0.870959
117  0.879258
118  0.709532
119  0.569535
120  0.599874
121  0.682965
122  0.618216
123  0.531815
124  1.2728
125  0.935747
126  1.04104
127  1.24624
128  1.58381
129  1.38041
130  1.33868
131  0.827177
132  1.84161
133  0.263985
134  0.313089
135  0.452959
136  0.371864
137  0.724521
138  1.08798
139  0.4579
140  0.618539
141  0.618642
142  0.445205
143  0.449068
144  0.350863
145  0.349342
146  0.361536
147  0.411285
148  0.393835
149  0.31494
150  0.521956
101  0.410725
102  0.731564
103  0.343672
104  0.353834
105  0.656094
106  0.581978
107  0.701947
108  0.744024
109  0.774729
110  0.777981
111  0.762538
112  0.84828
113  0.887516
114  0.857456
115  0.875466
116  0.881704
117  0.8219
118  0.744963
119  0.5693
120  0.360776
121  0.711137
122  0.642147
123  1.07048
124  0.876244
125  1.14558
126  1.06728
127  0.999117
128  0.869517
129  0.88056
130  1.74427
131  1.16939
132  1.04726
133  1.28706
134  1.25771
135  0.288089
136  0.329911
137  0.458377
138  0.709012
139  1.20331
140  1.18794
141  0.473489
142  0.643979
143  0.425258
144  0.427657
145  0.407081
146  0.452296
147  0.376038
148  0.341232
149  0.459503
150  0.322561
101  4.6857
102  4.62139
103  4.99093
104  5.30204
105  5.56479
106  5.51251
107  5.63228
108  6.03298
109  5.49934
110  5.28303
111  5.37316
112  5.39372
113  5.49674
114  5.43456
115  5.30312
116  5.35856
117  5.32532
118  4.52945
119  4.73319
120  4.49831
121  4.33838
122  3.61706
123  3.99213
124  4.40158
125  3.67563
126  3.61325
127  3.8697
128  3.76351
129  3.65047
130  3.96084
131  2.03814
132  2.06091
133  2.46739
134  2.48925
135  2.36759
136  2.08954
137  2.33516
138  2.3808
139  2.72373
140  1.44655
141  1.3732
142  6.05539
143  14.3261
144  1.49253
145  1.8936
146  0.636393
147  0.557323
148  0.479928
149  3.39598
150  0.0399463
101  5.06155
102  5.0434
103  5.05452
104  5.08101
105  5.02569
106  5.31463
107  5.6167
108  5.59507
109  5.54366
110  5.45005
111  5.39317
112  5.40695
113  5.44482
114  5.2405
115  5.21687
116  5.30944
117  4.86077
118  4.71015
119  4.61398
120  4.16157
121  4.06051
122  4.67544
123  3.9232
124  3.7689
125  3.88231
126  3.82224
127  3.36722
128  4.31867
129  4.39037
130  3.6547
131  2.39006
132  2.59887
133  2.50502
134  2.39085
135  2.3945
136  2.31834
137  2.20419
138  2.33287
139  1.34629
140  2.78969
141  5.35221
142  11.0539
143  22.7137
144  24.2219
145  25.2036
146  16.565
147  96.331
148  132.88
149  0.677919
150  1.90899
101  1.48356
102  2.06063
103  1.88936
104  1.54771
105  4.37886
106  4.13253
107  3.82031
108  4.70381
109  5.23675
110  5.88164
111  5.1726
112  7.65386
113  1.8789
114  13.015
115  4.77223
116  8.01526
117  6.27452
118  6.54603
119  8.08925
120  5.79989
121  7.15885
122  7.71965
123  3.7375
124  2.29086
125  5.16037
126  4.56803
127  1.68268
128  1.31682
129  2.58437
130  1.3997
131  2.78529
132  4.16687
133  7.65505
134  6.51992
135  8.1521
136  8.23823
137  6.49553
138  7.34226
139  8.01721
140  4.57249
141  5.42944
142  6.37095
143  29.7026
144  6.08208
145  2.55925
146  0.0560406
147  0.0549261
148  1.23459
149  3.82067
150  17.0631
101  1.78432
102  1.67843
103  1.87381
104  2.8253
105  2.58533
106  5.8342
107  5.50394
108  2.19325
109  2.02451
110  2.73976
111  2.32972
112  4.86921
113  1.00151
114  8.36587
115  8.98824
116  7.50241
117  7.76054
118  5.6909
119  5.32047
120  4.19264
121  5.55693
122  6.75669
123  9.3349
124  2.40974
125  2.54836
126  4.38114
127  2.47675
128  1.87733
129  1.59197
130  1.13781
131  1.77214
132  4.0032
133  13.0197
134  4.50734
135  4.39409
136  8.6143
137  8.27521
138  5.9221
139  5.3898
140  5.28624
141  6.11724
142  7.39999
143  9.04056
144  12.1135
145  9.54779
146  0.331291
147  0.159163
148  2.39559
149  2.20859
150  14.8133
101  0.167427
102  0.205823
103  0.212381
104  0.226113
105  0.157178
106  0.163918
107  0.269019
108  0.204623
109  0.293462
110  0.312136
111  0.348519
112  0.404782
113  0.406103
114  0.217463
115  0.239764
116  0.333062
117  0.109506
118  0.163341
119  0.117723
120  0.104238
121  0.0943291
122  0.0664113
123  0.0836461
124  0.0830288
125  0.242536
126  0.136157
127  0.201876
128  0.176933
129  0.201987
130  0.13267
131  0.135573
132  0.123869
133  0.100459
134  0.0942588
135  0.127611
136  0.10009
137  0.118157
138  0.260142
139  0.119156
140  0.0822083
141  0.179829
142  0.17259
143  0.40714
144  0.527269
145  0.18405
146  0.873601
147  1.00301
148  0.573394
149  0.431282
150  0.291907
101  0.155172
102  0.146705
103  0.180049
104  0.232563
105  0.251777
106  0.235534
107  0.208198
108  0.293705
109  0.29643
110  0.31952
111  0.251103
112  0.292754
113  0.325376
114  0.199117
115  0.132405
116  0.172084
117  0.138506
118  0.160548
119  0.0481471
120  0.103303
121  0.13847
122  0.0703013
123  0.0612833
124  0.0559993
125  0.181411
126  0.222285
127  0.164123
128  0.114069
129  0.129231
130  0.0712497
131  0.0714258
132  0.0892909
133  0.0986559
134  0.113564
135  0.109516
136  0.15355
137  0.0966911
138  0.0909338
139  0.128661
140  0.152034
141  0.157303
142  0.170982
143  0.168539
144  0.257853
145  0.462827
146  0.482415
147  0.362028
148  0.466752
149  0.164131
150  0.63941
