dx1[1,1,1] 1 50
dx1[2,1,1] 51 100
dx1[3,1,1] 101 150
dx1[4,1,1] 151 200
dx1[5,1,1] 201 250
dx1[6,1,1] 251 300
dx1[7,1,1] 301 350
dx1[8,1,1] 351 400
dx1[9,1,1] 401 450
dx1[10,1,1] 451 500
dx1[11,1,1] 501 550
dx1[12,1,1] 551 600
dx1[13,1,1] 601 650
dx1[14,1,1] 651 700
dx1[15,1,1] 701 750
dx1[16,1,1] 751 800
dx1[17,1,1] 801 850
dx1[18,1,1] 851 900
dx1[19,1,1] 901 950
dx1[20,1,1] 951 1000
dx1[21,1,1] 1001 1050
dx1[22,1,1] 1051 1100
dx1[23,1,1] 1101 1150
dx1[24,1,1] 1151 1200
dx1[25,1,1] 1201 1250
dx1[26,1,1] 1251 1300
dx1[27,1,1] 1301 1350
dx1[28,1,1] 1351 1400
dx1[1,2,1] 1401 1450
dx1[2,2,1] 1451 1500
dx1[3,2,1] 1501 1550
dx1[4,2,1] 1551 1600
dx1[5,2,1] 1601 1650
dx1[6,2,1] 1651 1700
dx1[7,2,1] 1701 1750
dx1[8,2,1] 1751 1800
dx1[9,2,1] 1801 1850
dx1[10,2,1] 1851 1900
dx1[11,2,1] 1901 1950
dx1[12,2,1] 1951 2000
dx1[13,2,1] 2001 2050
dx1[14,2,1] 2051 2100
dx1[15,2,1] 2101 2150
dx1[16,2,1] 2151 2200
dx1[17,2,1] 2201 2250
dx1[18,2,1] 2251 2300
dx1[19,2,1] 2301 2350
dx1[20,2,1] 2351 2400
dx1[21,2,1] 2401 2450
dx1[22,2,1] 2451 2500
dx1[23,2,1] 2501 2550
dx1[24,2,1] 2551 2600
dx1[25,2,1] 2601 2650
dx1[26,2,1] 2651 2700
dx1[27,2,1] 2701 2750
dx1[28,2,1] 2751 2800
dx1[1,1,2] 2801 2850
dx1[2,1,2] 2851 2900
dx1[3,1,2] 2901 2950
dx1[4,1,2] 2951 3000
dx1[5,1,2] 3001 3050
dx1[6,1,2] 3051 3100
dx1[7,1,2] 3101 3150
dx1[8,1,2] 3151 3200
dx1[9,1,2] 3201 3250
dx1[10,1,2] 3251 3300
dx1[11,1,2] 3301 3350
dx1[12,1,2] 3351 3400
dx1[13,1,2] 3401 3450
dx1[14,1,2] 3451 3500
dx1[15,1,2] 3501 3550
dx1[16,1,2] 3551 3600
dx1[17,1,2] 3601 3650
dx1[18,1,2] 3651 3700
dx1[19,1,2] 3701 3750
dx1[20,1,2] 3751 3800
dx1[21,1,2] 3801 3850
dx1[22,1,2] 3851 3900
dx1[23,1,2] 3901 3950
dx1[24,1,2] 3951 4000
dx1[25,1,2] 4001 4050
dx1[26,1,2] 4051 4100
dx1[27,1,2] 4101 4150
dx1[28,1,2] 4151 4200
dx1[1,2,2] 4201 4250
dx1[2,2,2] 4251 4300
dx1[3,2,2] 4301 4350
dx1[4,2,2] 4351 4400
dx1[5,2,2] 4401 4450
dx1[6,2,2] 4451 4500
dx1[7,2,2] 4501 4550
dx1[8,2,2] 4551 4600
dx1[9,2,2] 4601 4650
dx1[10,2,2] 4651 4700
dx1[11,2,2] 4701 4750
dx1[12,2,2] 4751 4800
dx1[13,2,2] 4801 4850
dx1[14,2,2] 4851 4900
dx1[15,2,2] 4901 4950
dx1[16,2,2] 4951 5000
dx1[17,2,2] 5001 5050
dx1[18,2,2] 5051 5100
dx1[19,2,2] 5101 5150
dx1[20,2,2] 5151 5200
dx1[21,2,2] 5201 5250
dx1[22,2,2] 5251 5300
dx1[23,2,2] 5301 5350
dx1[24,2,2] 5351 5400
dx1[25,2,2] 5401 5450
dx1[26,2,2] 5451 5500
dx1[27,2,2] 5501 5550
dx1[28,2,2] 5551 5600
dx2[1,1,1] 5601 5650
dx2[2,1,1] 5651 5700
dx2[3,1,1] 5701 5750
dx2[4,1,1] 5751 5800
dx2[5,1,1] 5801 5850
dx2[6,1,1] 5851 5900
dx2[7,1,1] 5901 5950
dx2[8,1,1] 5951 6000
dx2[9,1,1] 6001 6050
dx2[10,1,1] 6051 6100
dx2[11,1,1] 6101 6150
dx2[12,1,1] 6151 6200
dx2[13,1,1] 6201 6250
dx2[14,1,1] 6251 6300
dx2[15,1,1] 6301 6350
dx2[16,1,1] 6351 6400
dx2[17,1,1] 6401 6450
dx2[18,1,1] 6451 6500
dx2[19,1,1] 6501 6550
dx2[20,1,1] 6551 6600
dx2[21,1,1] 6601 6650
dx2[22,1,1] 6651 6700
dx2[23,1,1] 6701 6750
dx2[24,1,1] 6751 6800
dx2[25,1,1] 6801 6850
dx2[26,1,1] 6851 6900
dx2[27,1,1] 6901 6950
dx2[28,1,1] 6951 7000
dx2[1,2,1] 7001 7050
dx2[2,2,1] 7051 7100
dx2[3,2,1] 7101 7150
dx2[4,2,1] 7151 7200
dx2[5,2,1] 7201 7250
dx2[6,2,1] 7251 7300
dx2[7,2,1] 7301 7350
dx2[8,2,1] 7351 7400
dx2[9,2,1] 7401 7450
dx2[10,2,1] 7451 7500
dx2[11,2,1] 7501 7550
dx2[12,2,1] 7551 7600
dx2[13,2,1] 7601 7650
dx2[14,2,1] 7651 7700
dx2[15,2,1] 7701 7750
dx2[16,2,1] 7751 7800
dx2[17,2,1] 7801 7850
dx2[18,2,1] 7851 7900
dx2[19,2,1] 7901 7950
dx2[20,2,1] 7951 8000
dx2[21,2,1] 8001 8050
dx2[22,2,1] 8051 8100
dx2[23,2,1] 8101 8150
dx2[24,2,1] 8151 8200
dx2[25,2,1] 8201 8250
dx2[26,2,1] 8251 8300
dx2[27,2,1] 8301 8350
dx2[28,2,1] 8351 8400
dx2[1,1,2] 8401 8450
dx2[2,1,2] 8451 8500
dx2[3,1,2] 8501 8550
dx2[4,1,2] 8551 8600
dx2[5,1,2] 8601 8650
dx2[6,1,2] 8651 8700
dx2[7,1,2] 8701 8750
dx2[8,1,2] 8751 8800
dx2[9,1,2] 8801 8850
dx2[10,1,2] 8851 8900
dx2[11,1,2] 8901 8950
dx2[12,1,2] 8951 9000
dx2[13,1,2] 9001 9050
dx2[14,1,2] 9051 9100
dx2[15,1,2] 9101 9150
dx2[16,1,2] 9151 9200
dx2[17,1,2] 9201 9250
dx2[18,1,2] 9251 9300
dx2[19,1,2] 9301 9350
dx2[20,1,2] 9351 9400
dx2[21,1,2] 9401 9450
dx2[22,1,2] 9451 9500
dx2[23,1,2] 9501 9550
dx2[24,1,2] 9551 9600
dx2[25,1,2] 9601 9650
dx2[26,1,2] 9651 9700
dx2[27,1,2] 9701 9750
dx2[28,1,2] 9751 9800
dx2[1,2,2] 9801 9850
dx2[2,2,2] 9851 9900
dx2[3,2,2] 9901 9950
dx2[4,2,2] 9951 10000
dx2[5,2,2] 10001 10050
dx2[6,2,2] 10051 10100
dx2[7,2,2] 10101 10150
dx2[8,2,2] 10151 10200
dx2[9,2,2] 10201 10250
dx2[10,2,2] 10251 10300
dx2[11,2,2] 10301 10350
dx2[12,2,2] 10351 10400
dx2[13,2,2] 10401 10450
dx2[14,2,2] 10451 10500
dx2[15,2,2] 10501 10550
dx2[16,2,2] 10551 10600
dx2[17,2,2] 10601 10650
dx2[18,2,2] 10651 10700
dx2[19,2,2] 10701 10750
dx2[20,2,2] 10751 10800
dx2[21,2,2] 10801 10850
dx2[22,2,2] 10851 10900
dx2[23,2,2] 10901 10950
dx2[24,2,2] 10951 11000
dx2[25,2,2] 11001 11050
dx2[26,2,2] 11051 11100
dx2[27,2,2] 11101 11150
dx2[28,2,2] 11151 11200
dx3[1,1,1] 11201 11250
dx3[2,1,1] 11251 11300
dx3[3,1,1] 11301 11350
dx3[4,1,1] 11351 11400
dx3[5,1,1] 11401 11450
dx3[6,1,1] 11451 11500
dx3[7,1,1] 11501 11550
dx3[8,1,1] 11551 11600
dx3[9,1,1] 11601 11650
dx3[10,1,1] 11651 11700
dx3[11,1,1] 11701 11750
dx3[12,1,1] 11751 11800
dx3[13,1,1] 11801 11850
dx3[14,1,1] 11851 11900
dx3[15,1,1] 11901 11950
dx3[16,1,1] 11951 12000
dx3[17,1,1] 12001 12050
dx3[18,1,1] 12051 12100
dx3[19,1,1] 12101 12150
dx3[20,1,1] 12151 12200
dx3[21,1,1] 12201 12250
dx3[22,1,1] 12251 12300
dx3[23,1,1] 12301 12350
dx3[24,1,1] 12351 12400
dx3[25,1,1] 12401 12450
dx3[26,1,1] 12451 12500
dx3[27,1,1] 12501 12550
dx3[28,1,1] 12551 12600
dx3[1,2,1] 12601 12650
dx3[2,2,1] 12651 12700
dx3[3,2,1] 12701 12750
dx3[4,2,1] 12751 12800
dx3[5,2,1] 12801 12850
dx3[6,2,1] 12851 12900
dx3[7,2,1] 12901 12950
dx3[8,2,1] 12951 13000
dx3[9,2,1] 13001 13050
dx3[10,2,1] 13051 13100
dx3[11,2,1] 13101 13150
dx3[12,2,1] 13151 13200
dx3[13,2,1] 13201 13250
dx3[14,2,1] 13251 13300
dx3[15,2,1] 13301 13350
dx3[16,2,1] 13351 13400
dx3[17,2,1] 13401 13450
dx3[18,2,1] 13451 13500
dx3[19,2,1] 13501 13550
dx3[20,2,1] 13551 13600
dx3[21,2,1] 13601 13650
dx3[22,2,1] 13651 13700
dx3[23,2,1] 13701 13750
dx3[24,2,1] 13751 13800
dx3[25,2,1] 13801 13850
dx3[26,2,1] 13851 13900
dx3[27,2,1] 13901 13950
dx3[28,2,1] 13951 14000
dx3[1,1,2] 14001 14050
dx3[2,1,2] 14051 14100
dx3[3,1,2] 14101 14150
dx3[4,1,2] 14151 14200
dx3[5,1,2] 14201 14250
dx3[6,1,2] 14251 14300
dx3[7,1,2] 14301 14350
dx3[8,1,2] 14351 14400
dx3[9,1,2] 14401 14450
dx3[10,1,2] 14451 14500
dx3[11,1,2] 14501 14550
dx3[12,1,2] 14551 14600
dx3[13,1,2] 14601 14650
dx3[14,1,2] 14651 14700
dx3[15,1,2] 14701 14750
dx3[16,1,2] 14751 14800
dx3[17,1,2] 14801 14850
dx3[18,1,2] 14851 14900
dx3[19,1,2] 14901 14950
dx3[20,1,2] 14951 15000
dx3[21,1,2] 15001 15050
dx3[22,1,2] 15051 15100
dx3[23,1,2] 15101 15150
dx3[24,1,2] 15151 15200
dx3[25,1,2] 15201 15250
dx3[26,1,2] 15251 15300
dx3[27,1,2] 15301 15350
dx3[28,1,2] 15351 15400
dx3[1,2,2] 15401 15450
dx3[2,2,2] 15451 15500
dx3[3,2,2] 15501 15550
dx3[4,2,2] 15551 15600
dx3[5,2,2] 15601 15650
dx3[6,2,2] 15651 15700
dx3[7,2,2] 15701 15750
dx3[8,2,2] 15751 15800
dx3[9,2,2] 15801 15850
dx3[10,2,2] 15851 15900
dx3[11,2,2] 15901 15950
dx3[12,2,2] 15951 16000
dx3[13,2,2] 16001 16050
dx3[14,2,2] 16051 16100
dx3[15,2,2] 16101 16150
dx3[16,2,2] 16151 16200
dx3[17,2,2] 16201 16250
dx3[18,2,2] 16251 16300
dx3[19,2,2] 16301 16350
dx3[20,2,2] 16351 16400
dx3[21,2,2] 16401 16450
dx3[22,2,2] 16451 16500
dx3[23,2,2] 16501 16550
dx3[24,2,2] 16551 16600
dx3[25,2,2] 16601 16650
dx3[26,2,2] 16651 16700
dx3[27,2,2] 16701 16750
dx3[28,2,2] 16751 16800
dx4[1,1,1] 16801 16850
dx4[2,1,1] 16851 16900
dx4[3,1,1] 16901 16950
dx4[4,1,1] 16951 17000
dx4[5,1,1] 17001 17050
dx4[6,1,1] 17051 17100
dx4[7,1,1] 17101 17150
dx4[8,1,1] 17151 17200
dx4[9,1,1] 17201 17250
dx4[10,1,1] 17251 17300
dx4[11,1,1] 17301 17350
dx4[12,1,1] 17351 17400
dx4[13,1,1] 17401 17450
dx4[14,1,1] 17451 17500
dx4[15,1,1] 17501 17550
dx4[16,1,1] 17551 17600
dx4[17,1,1] 17601 17650
dx4[18,1,1] 17651 17700
dx4[19,1,1] 17701 17750
dx4[20,1,1] 17751 17800
dx4[21,1,1] 17801 17850
dx4[22,1,1] 17851 17900
dx4[23,1,1] 17901 17950
dx4[24,1,1] 17951 18000
dx4[25,1,1] 18001 18050
dx4[26,1,1] 18051 18100
dx4[27,1,1] 18101 18150
dx4[28,1,1] 18151 18200
dx4[1,2,1] 18201 18250
dx4[2,2,1] 18251 18300
dx4[3,2,1] 18301 18350
dx4[4,2,1] 18351 18400
dx4[5,2,1] 18401 18450
dx4[6,2,1] 18451 18500
dx4[7,2,1] 18501 18550
dx4[8,2,1] 18551 18600
dx4[9,2,1] 18601 18650
dx4[10,2,1] 18651 18700
dx4[11,2,1] 18701 18750
dx4[12,2,1] 18751 18800
dx4[13,2,1] 18801 18850
dx4[14,2,1] 18851 18900
dx4[15,2,1] 18901 18950
dx4[16,2,1] 18951 19000
dx4[17,2,1] 19001 19050
dx4[18,2,1] 19051 19100
dx4[19,2,1] 19101 19150
dx4[20,2,1] 19151 19200
dx4[21,2,1] 19201 19250
dx4[22,2,1] 19251 19300
dx4[23,2,1] 19301 19350
dx4[24,2,1] 19351 19400
dx4[25,2,1] 19401 19450
dx4[26,2,1] 19451 19500
dx4[27,2,1] 19501 19550
dx4[28,2,1] 19551 19600
dx4[1,1,2] 19601 19650
dx4[2,1,2] 19651 19700
dx4[3,1,2] 19701 19750
dx4[4,1,2] 19751 19800
dx4[5,1,2] 19801 19850
dx4[6,1,2] 19851 19900
dx4[7,1,2] 19901 19950
dx4[8,1,2] 19951 20000
dx4[9,1,2] 20001 20050
dx4[10,1,2] 20051 20100
dx4[11,1,2] 20101 20150
dx4[12,1,2] 20151 20200
dx4[13,1,2] 20201 20250
dx4[14,1,2] 20251 20300
dx4[15,1,2] 20301 20350
dx4[16,1,2] 20351 20400
dx4[17,1,2] 20401 20450
dx4[18,1,2] 20451 20500
dx4[19,1,2] 20501 20550
dx4[20,1,2] 20551 20600
dx4[21,1,2] 20601 20650
dx4[22,1,2] 20651 20700
dx4[23,1,2] 20701 20750
dx4[24,1,2] 20751 20800
dx4[25,1,2] 20801 20850
dx4[26,1,2] 20851 20900
dx4[27,1,2] 20901 20950
dx4[28,1,2] 20951 21000
dx4[1,2,2] 21001 21050
dx4[2,2,2] 21051 21100
dx4[3,2,2] 21101 21150
dx4[4,2,2] 21151 21200
dx4[5,2,2] 21201 21250
dx4[6,2,2] 21251 21300
dx4[7,2,2] 21301 21350
dx4[8,2,2] 21351 21400
dx4[9,2,2] 21401 21450
dx4[10,2,2] 21451 21500
dx4[11,2,2] 21501 21550
dx4[12,2,2] 21551 21600
dx4[13,2,2] 21601 21650
dx4[14,2,2] 21651 21700
dx4[15,2,2] 21701 21750
dx4[16,2,2] 21751 21800
dx4[17,2,2] 21801 21850
dx4[18,2,2] 21851 21900
dx4[19,2,2] 21901 21950
dx4[20,2,2] 21951 22000
dx4[21,2,2] 22001 22050
dx4[22,2,2] 22051 22100
dx4[23,2,2] 22101 22150
dx4[24,2,2] 22151 22200
dx4[25,2,2] 22201 22250
dx4[26,2,2] 22251 22300
dx4[27,2,2] 22301 22350
dx4[28,2,2] 22351 22400
pa1[1,1,1] 22401 22450
pa1[2,1,1] 22451 22500
pa1[3,1,1] 22501 22550
pa1[4,1,1] 22551 22600
pa1[5,1,1] 22601 22650
pa1[6,1,1] 22651 22700
pa1[7,1,1] 22701 22750
pa1[8,1,1] 22751 22800
pa1[9,1,1] 22801 22850
pa1[10,1,1] 22851 22900
pa1[11,1,1] 22901 22950
pa1[12,1,1] 22951 23000
pa1[13,1,1] 23001 23050
pa1[14,1,1] 23051 23100
pa1[15,1,1] 23101 23150
pa1[16,1,1] 23151 23200
pa1[17,1,1] 23201 23250
pa1[18,1,1] 23251 23300
pa1[19,1,1] 23301 23350
pa1[20,1,1] 23351 23400
pa1[21,1,1] 23401 23450
pa1[22,1,1] 23451 23500
pa1[23,1,1] 23501 23550
pa1[24,1,1] 23551 23600
pa1[25,1,1] 23601 23650
pa1[26,1,1] 23651 23700
pa1[27,1,1] 23701 23750
pa1[28,1,1] 23751 23800
pa1[1,2,1] 23801 23850
pa1[2,2,1] 23851 23900
pa1[3,2,1] 23901 23950
pa1[4,2,1] 23951 24000
pa1[5,2,1] 24001 24050
pa1[6,2,1] 24051 24100
pa1[7,2,1] 24101 24150
pa1[8,2,1] 24151 24200
pa1[9,2,1] 24201 24250
pa1[10,2,1] 24251 24300
pa1[11,2,1] 24301 24350
pa1[12,2,1] 24351 24400
pa1[13,2,1] 24401 24450
pa1[14,2,1] 24451 24500
pa1[15,2,1] 24501 24550
pa1[16,2,1] 24551 24600
pa1[17,2,1] 24601 24650
pa1[18,2,1] 24651 24700
pa1[19,2,1] 24701 24750
pa1[20,2,1] 24751 24800
pa1[21,2,1] 24801 24850
pa1[22,2,1] 24851 24900
pa1[23,2,1] 24901 24950
pa1[24,2,1] 24951 25000
pa1[25,2,1] 25001 25050
pa1[26,2,1] 25051 25100
pa1[27,2,1] 25101 25150
pa1[28,2,1] 25151 25200
pa1[1,1,2] 25201 25250
pa1[2,1,2] 25251 25300
pa1[3,1,2] 25301 25350
pa1[4,1,2] 25351 25400
pa1[5,1,2] 25401 25450
pa1[6,1,2] 25451 25500
pa1[7,1,2] 25501 25550
pa1[8,1,2] 25551 25600
pa1[9,1,2] 25601 25650
pa1[10,1,2] 25651 25700
pa1[11,1,2] 25701 25750
pa1[12,1,2] 25751 25800
pa1[13,1,2] 25801 25850
pa1[14,1,2] 25851 25900
pa1[15,1,2] 25901 25950
pa1[16,1,2] 25951 26000
pa1[17,1,2] 26001 26050
pa1[18,1,2] 26051 26100
pa1[19,1,2] 26101 26150
pa1[20,1,2] 26151 26200
pa1[21,1,2] 26201 26250
pa1[22,1,2] 26251 26300
pa1[23,1,2] 26301 26350
pa1[24,1,2] 26351 26400
pa1[25,1,2] 26401 26450
pa1[26,1,2] 26451 26500
pa1[27,1,2] 26501 26550
pa1[28,1,2] 26551 26600
pa1[1,2,2] 26601 26650
pa1[2,2,2] 26651 26700
pa1[3,2,2] 26701 26750
pa1[4,2,2] 26751 26800
pa1[5,2,2] 26801 26850
pa1[6,2,2] 26851 26900
pa1[7,2,2] 26901 26950
pa1[8,2,2] 26951 27000
pa1[9,2,2] 27001 27050
pa1[10,2,2] 27051 27100
pa1[11,2,2] 27101 27150
pa1[12,2,2] 27151 27200
pa1[13,2,2] 27201 27250
pa1[14,2,2] 27251 27300
pa1[15,2,2] 27301 27350
pa1[16,2,2] 27351 27400
pa1[17,2,2] 27401 27450
pa1[18,2,2] 27451 27500
pa1[19,2,2] 27501 27550
pa1[20,2,2] 27551 27600
pa1[21,2,2] 27601 27650
pa1[22,2,2] 27651 27700
pa1[23,2,2] 27701 27750
pa1[24,2,2] 27751 27800
pa1[25,2,2] 27801 27850
pa1[26,2,2] 27851 27900
pa1[27,2,2] 27901 27950
pa1[28,2,2] 27951 28000
pb1[1,1,1] 28001 28050
pb1[2,1,1] 28051 28100
pb1[3,1,1] 28101 28150
pb1[4,1,1] 28151 28200
pb1[5,1,1] 28201 28250
pb1[6,1,1] 28251 28300
pb1[7,1,1] 28301 28350
pb1[8,1,1] 28351 28400
pb1[9,1,1] 28401 28450
pb1[10,1,1] 28451 28500
pb1[11,1,1] 28501 28550
pb1[12,1,1] 28551 28600
pb1[13,1,1] 28601 28650
pb1[14,1,1] 28651 28700
pb1[15,1,1] 28701 28750
pb1[16,1,1] 28751 28800
pb1[17,1,1] 28801 28850
pb1[18,1,1] 28851 28900
pb1[19,1,1] 28901 28950
pb1[20,1,1] 28951 29000
pb1[21,1,1] 29001 29050
pb1[22,1,1] 29051 29100
pb1[23,1,1] 29101 29150
pb1[24,1,1] 29151 29200
pb1[25,1,1] 29201 29250
pb1[26,1,1] 29251 29300
pb1[27,1,1] 29301 29350
pb1[28,1,1] 29351 29400
pb1[1,2,1] 29401 29450
pb1[2,2,1] 29451 29500
pb1[3,2,1] 29501 29550
pb1[4,2,1] 29551 29600
pb1[5,2,1] 29601 29650
pb1[6,2,1] 29651 29700
pb1[7,2,1] 29701 29750
pb1[8,2,1] 29751 29800
pb1[9,2,1] 29801 29850
pb1[10,2,1] 29851 29900
pb1[11,2,1] 29901 29950
pb1[12,2,1] 29951 30000
pb1[13,2,1] 30001 30050
pb1[14,2,1] 30051 30100
pb1[15,2,1] 30101 30150
pb1[16,2,1] 30151 30200
pb1[17,2,1] 30201 30250
pb1[18,2,1] 30251 30300
pb1[19,2,1] 30301 30350
pb1[20,2,1] 30351 30400
pb1[21,2,1] 30401 30450
pb1[22,2,1] 30451 30500
pb1[23,2,1] 30501 30550
pb1[24,2,1] 30551 30600
pb1[25,2,1] 30601 30650
pb1[26,2,1] 30651 30700
pb1[27,2,1] 30701 30750
pb1[28,2,1] 30751 30800
pb1[1,1,2] 30801 30850
pb1[2,1,2] 30851 30900
pb1[3,1,2] 30901 30950
pb1[4,1,2] 30951 31000
pb1[5,1,2] 31001 31050
pb1[6,1,2] 31051 31100
pb1[7,1,2] 31101 31150
pb1[8,1,2] 31151 31200
pb1[9,1,2] 31201 31250
pb1[10,1,2] 31251 31300
pb1[11,1,2] 31301 31350
pb1[12,1,2] 31351 31400
pb1[13,1,2] 31401 31450
pb1[14,1,2] 31451 31500
pb1[15,1,2] 31501 31550
pb1[16,1,2] 31551 31600
pb1[17,1,2] 31601 31650
pb1[18,1,2] 31651 31700
pb1[19,1,2] 31701 31750
pb1[20,1,2] 31751 31800
pb1[21,1,2] 31801 31850
pb1[22,1,2] 31851 31900
pb1[23,1,2] 31901 31950
pb1[24,1,2] 31951 32000
pb1[25,1,2] 32001 32050
pb1[26,1,2] 32051 32100
pb1[27,1,2] 32101 32150
pb1[28,1,2] 32151 32200
pb1[1,2,2] 32201 32250
pb1[2,2,2] 32251 32300
pb1[3,2,2] 32301 32350
pb1[4,2,2] 32351 32400
pb1[5,2,2] 32401 32450
pb1[6,2,2] 32451 32500
pb1[7,2,2] 32501 32550
pb1[8,2,2] 32551 32600
pb1[9,2,2] 32601 32650
pb1[10,2,2] 32651 32700
pb1[11,2,2] 32701 32750
pb1[12,2,2] 32751 32800
pb1[13,2,2] 32801 32850
pb1[14,2,2] 32851 32900
pb1[15,2,2] 32901 32950
pb1[16,2,2] 32951 33000
pb1[17,2,2] 33001 33050
pb1[18,2,2] 33051 33100
pb1[19,2,2] 33101 33150
pb1[20,2,2] 33151 33200
pb1[21,2,2] 33201 33250
pb1[22,2,2] 33251 33300
pb1[23,2,2] 33301 33350
pb1[24,2,2] 33351 33400
pb1[25,2,2] 33401 33450
pb1[26,2,2] 33451 33500
pb1[27,2,2] 33501 33550
pb1[28,2,2] 33551 33600
y[1,1,1] 33601 33650
y[2,1,1] 33651 33700
y[3,1,1] 33701 33750
y[4,1,1] 33751 33800
y[5,1,1] 33801 33850
y[6,1,1] 33851 33900
y[7,1,1] 33901 33950
y[8,1,1] 33951 34000
y[9,1,1] 34001 34050
y[10,1,1] 34051 34100
y[11,1,1] 34101 34150
y[12,1,1] 34151 34200
y[13,1,1] 34201 34250
y[14,1,1] 34251 34300
y[15,1,1] 34301 34350
y[16,1,1] 34351 34400
y[17,1,1] 34401 34450
y[18,1,1] 34451 34500
y[19,1,1] 34501 34550
y[20,1,1] 34551 34600
y[21,1,1] 34601 34650
y[22,1,1] 34651 34700
y[23,1,1] 34701 34750
y[24,1,1] 34751 34800
y[25,1,1] 34801 34850
y[26,1,1] 34851 34900
y[27,1,1] 34901 34950
y[28,1,1] 34951 35000
y[1,2,1] 35001 35050
y[2,2,1] 35051 35100
y[3,2,1] 35101 35150
y[4,2,1] 35151 35200
y[5,2,1] 35201 35250
y[6,2,1] 35251 35300
y[7,2,1] 35301 35350
y[8,2,1] 35351 35400
y[9,2,1] 35401 35450
y[10,2,1] 35451 35500
y[11,2,1] 35501 35550
y[12,2,1] 35551 35600
y[13,2,1] 35601 35650
y[14,2,1] 35651 35700
y[15,2,1] 35701 35750
y[16,2,1] 35751 35800
y[17,2,1] 35801 35850
y[18,2,1] 35851 35900
y[19,2,1] 35901 35950
y[20,2,1] 35951 36000
y[21,2,1] 36001 36050
y[22,2,1] 36051 36100
y[23,2,1] 36101 36150
y[24,2,1] 36151 36200
y[25,2,1] 36201 36250
y[26,2,1] 36251 36300
y[27,2,1] 36301 36350
y[28,2,1] 36351 36400
y[1,1,2] 36401 36450
y[2,1,2] 36451 36500
y[3,1,2] 36501 36550
y[4,1,2] 36551 36600
y[5,1,2] 36601 36650
y[6,1,2] 36651 36700
y[7,1,2] 36701 36750
y[8,1,2] 36751 36800
y[9,1,2] 36801 36850
y[10,1,2] 36851 36900
y[11,1,2] 36901 36950
y[12,1,2] 36951 37000
y[13,1,2] 37001 37050
y[14,1,2] 37051 37100
y[15,1,2] 37101 37150
y[16,1,2] 37151 37200
y[17,1,2] 37201 37250
y[18,1,2] 37251 37300
y[19,1,2] 37301 37350
y[20,1,2] 37351 37400
y[21,1,2] 37401 37450
y[22,1,2] 37451 37500
y[23,1,2] 37501 37550
y[24,1,2] 37551 37600
y[25,1,2] 37601 37650
y[26,1,2] 37651 37700
y[27,1,2] 37701 37750
y[28,1,2] 37751 37800
y[1,2,2] 37801 37850
y[2,2,2] 37851 37900
y[3,2,2] 37901 37950
y[4,2,2] 37951 38000
y[5,2,2] 38001 38050
y[6,2,2] 38051 38100
y[7,2,2] 38101 38150
y[8,2,2] 38151 38200
y[9,2,2] 38201 38250
y[10,2,2] 38251 38300
y[11,2,2] 38301 38350
y[12,2,2] 38351 38400
y[13,2,2] 38401 38450
y[14,2,2] 38451 38500
y[15,2,2] 38501 38550
y[16,2,2] 38551 38600
y[17,2,2] 38601 38650
y[18,2,2] 38651 38700
y[19,2,2] 38701 38750
y[20,2,2] 38751 38800
y[21,2,2] 38801 38850
y[22,2,2] 38851 38900
y[23,2,2] 38901 38950
y[24,2,2] 38951 39000
y[25,2,2] 39001 39050
y[26,2,2] 39051 39100
y[27,2,2] 39101 39150
y[28,2,2] 39151 39200
alpha_pt[1] 39201 39250
alpha_pt[2] 39251 39300
gamma_pt[1] 39301 39350
gamma_pt[2] 39351 39400
delta_pt[1] 39401 39450
delta_pt[2] 39451 39500
beta_pt[1] 39501 39550
beta_pt[2] 39551 39600
