101  50
102  50
103  50
104  50
105  50
106  50
107  50
108  50
109  50
110  50
111  50
112  50
113  50
114  50
115  50
116  50
117  50
118  50
119  50
120  50
121  50
122  50
123  50
124  50
125  50
126  50
127  50
128  50
129  50
130  50
131  50
132  50
133  50
134  50
135  50
136  50
137  50
138  50
139  50
140  50
141  50
142  50
143  50
144  50
145  50
146  50
147  50
148  50
149  50
150  50
101  50
102  50
103  50
104  50
105  50
106  50
107  50
108  50
109  50
110  50
111  50
112  50
113  50
114  50
115  50
116  50
117  50
118  50
119  50
120  50
121  50
122  50
123  50
124  50
125  50
126  50
127  50
128  50
129  50
130  50
131  50
132  50
133  50
134  50
135  50
136  50
137  50
138  50
139  50
140  50
141  50
142  50
143  50
144  50
145  50
146  50
147  50
148  50
149  50
150  50
101  50
102  50
103  50
104  50
105  50
106  50
107  50
108  50
109  50
110  50
111  50
112  50
113  50
114  50
115  50
116  50
117  50
118  50
119  50
120  50
121  50
122  50
123  50
124  50
125  50
126  50
127  50
128  50
129  50
130  50
131  50
132  50
133  50
134  50
135  50
136  50
137  50
138  50
139  50
140  50
141  50
142  50
143  50
144  50
145  50
146  50
147  50
148  50
149  50
150  50
101  50
102  50
103  50
104  50
105  50
106  50
107  50
108  50
109  50
110  50
111  50
112  50
113  50
114  50
115  50
116  50
117  50
118  50
119  50
120  50
121  50
122  50
123  50
124  50
125  50
126  50
127  50
128  50
129  50
130  50
131  50
132  50
133  50
134  50
135  50
136  50
137  50
138  50
139  50
140  50
141  50
142  50
143  50
144  50
145  50
146  50
147  50
148  50
149  50
150  50
101  0
102  0
103  0
104  0
105  0
106  0
107  0
108  0
109  0
110  0
111  0
112  0
113  0
114  0
115  0
116  0
117  0
118  0
119  0
120  0
121  0
122  0
123  0
124  0
125  0
126  0
127  0
128  0
129  0
130  0
131  0
132  0
133  0
134  0
135  0
136  0
137  0
138  0
139  0
140  0
141  0
142  0
143  0
144  0
145  0
146  0
147  0
148  0
149  0
150  0
101  0
102  0
103  0
104  0
105  0
106  0
107  0
108  0
109  0
110  0
111  0
112  0
113  0
114  0
115  0
116  0
117  0
118  0
119  0
120  0
121  0
122  0
123  0
124  0
125  0
126  0
127  0
128  0
129  0
130  0
131  0
132  0
133  0
134  0
135  0
136  0
137  0
138  0
139  0
140  0
141  0
142  0
143  0
144  0
145  0
146  0
147  0
148  0
149  0
150  0
101  0
102  0
103  0
104  0
105  0
106  0
107  0
108  0
109  0
110  0
111  0
112  0
113  0
114  0
115  0
116  0
117  0
118  0
119  0
120  0
121  0
122  0
123  0
124  0
125  0
126  0
127  0
128  0
129  0
130  0
131  0
132  0
133  0
134  0
135  0
136  0
137  0
138  0
139  0
140  0
141  0
142  0
143  0
144  0
145  0
146  0
147  0
148  0
149  0
150  0
101  0
102  0
103  0
104  0
105  0
106  0
107  0
108  0
109  0
110  0
111  0
112  0
113  0
114  0
115  0
116  0
117  0
118  0
119  0
120  0
121  0
122  0
123  0
124  0
125  0
126  0
127  0
128  0
129  0
130  0
131  0
132  0
133  0
134  0
135  0
136  0
137  0
138  0
139  0
140  0
141  0
142  0
143  0
144  0
145  0
146  0
147  0
148  0
149  0
150  0
101  5
102  5
103  5
104  5
105  5
106  5
107  5
108  5
109  5
110  5
111  5
112  5
113  5
114  5
115  5
116  5
117  5
118  5
119  5
120  5
121  5
122  5
123  5
124  5
125  5
126  5
127  5
128  5
129  5
130  5
131  5
132  5
133  5
134  5
135  5
136  5
137  5
138  5
139  5
140  5
141  5
142  5
143  5
144  5
145  5
146  5
147  5
148  5
149  5
150  5
101  5
102  5
103  5
104  5
105  5
106  5
107  5
108  5
109  5
110  5
111  5
112  5
113  5
114  5
115  5
116  5
117  5
118  5
119  5
120  5
121  5
122  5
123  5
124  5
125  5
126  5
127  5
128  5
129  5
130  5
131  5
132  5
133  5
134  5
135  5
136  5
137  5
138  5
139  5
140  5
141  5
142  5
143  5
144  5
145  5
146  5
147  5
148  5
149  5
150  5
101  5
102  5
103  5
104  5
105  5
106  5
107  5
108  5
109  5
110  5
111  5
112  5
113  5
114  5
115  5
116  5
117  5
118  5
119  5
120  5
121  5
122  5
123  5
124  5
125  5
126  5
127  5
128  5
129  5
130  5
131  5
132  5
133  5
134  5
135  5
136  5
137  5
138  5
139  5
140  5
141  5
142  5
143  5
144  5
145  5
146  5
147  5
148  5
149  5
150  5
101  5
102  5
103  5
104  5
105  5
106  5
107  5
108  5
109  5
110  5
111  5
112  5
113  5
114  5
115  5
116  5
117  5
118  5
119  5
120  5
121  5
122  5
123  5
124  5
125  5
126  5
127  5
128  5
129  5
130  5
131  5
132  5
133  5
134  5
135  5
136  5
137  5
138  5
139  5
140  5
141  5
142  5
143  5
144  5
145  5
146  5
147  5
148  5
149  5
150  5
101  0
102  0
103  0
104  0
105  0
106  0
107  0
108  0
109  0
110  0
111  0
112  0
113  0
114  0
115  0
116  0
117  0
118  0
119  0
120  0
121  0
122  0
123  0
124  0
125  0
126  0
127  0
128  0
129  0
130  0
131  0
132  0
133  0
134  0
135  0
136  0
137  0
138  0
139  0
140  0
141  0
142  0
143  0
144  0
145  0
146  0
147  0
148  0
149  0
150  0
101  0
102  0
103  0
104  0
105  0
106  0
107  0
108  0
109  0
110  0
111  0
112  0
113  0
114  0
115  0
116  0
117  0
118  0
119  0
120  0
121  0
122  0
123  0
124  0
125  0
126  0
127  0
128  0
129  0
130  0
131  0
132  0
133  0
134  0
135  0
136  0
137  0
138  0
139  0
140  0
141  0
142  0
143  0
144  0
145  0
146  0
147  0
148  0
149  0
150  0
101  0
102  0
103  0
104  0
105  0
106  0
107  0
108  0
109  0
110  0
111  0
112  0
113  0
114  0
115  0
116  0
117  0
118  0
119  0
120  0
121  0
122  0
123  0
124  0
125  0
126  0
127  0
128  0
129  0
130  0
131  0
132  0
133  0
134  0
135  0
136  0
137  0
138  0
139  0
140  0
141  0
142  0
143  0
144  0
145  0
146  0
147  0
148  0
149  0
150  0
101  0
102  0
103  0
104  0
105  0
106  0
107  0
108  0
109  0
110  0
111  0
112  0
113  0
114  0
115  0
116  0
117  0
118  0
119  0
120  0
121  0
122  0
123  0
124  0
125  0
126  0
127  0
128  0
129  0
130  0
131  0
132  0
133  0
134  0
135  0
136  0
137  0
138  0
139  0
140  0
141  0
142  0
143  0
144  0
145  0
146  0
147  0
148  0
149  0
150  0
101  0
102  0
103  0
104  0
105  0
106  0
107  0
108  0
109  0
110  0
111  0
112  0
113  0
114  0
115  0
116  0
117  0
118  0
119  0
120  0
121  0
122  0
123  0
124  0
125  0
126  0
127  0
128  0
129  0
130  0
131  0
132  0
133  0
134  0
135  0
136  0
137  0
138  0
139  0
140  0
141  0
142  0
143  0
144  0
145  0
146  0
147  0
148  0
149  0
150  0
101  0
102  0
103  0
104  0
105  0
106  0
107  0
108  0
109  0
110  0
111  0
112  0
113  0
114  0
115  0
116  0
117  0
118  0
119  0
120  0
121  0
122  0
123  0
124  0
125  0
126  0
127  0
128  0
129  0
130  0
131  0
132  0
133  0
134  0
135  0
136  0
137  0
138  0
139  0
140  0
141  0
142  0
143  0
144  0
145  0
146  0
147  0
148  0
149  0
150  0
101  0
102  0
103  0
104  0
105  0
106  0
107  0
108  0
109  0
110  0
111  0
112  0
113  0
114  0
115  0
116  0
117  0
118  0
119  0
120  0
121  0
122  0
123  0
124  0
125  0
126  0
127  0
128  0
129  0
130  0
131  0
132  0
133  0
134  0
135  0
136  0
137  0
138  0
139  0
140  0
141  0
142  0
143  0
144  0
145  0
146  0
147  0
148  0
149  0
150  0
101  0
102  0
103  0
104  0
105  0
106  0
107  0
108  0
109  0
110  0
111  0
112  0
113  0
114  0
115  0
116  0
117  0
118  0
119  0
120  0
121  0
122  0
123  0
124  0
125  0
126  0
127  0
128  0
129  0
130  0
131  0
132  0
133  0
134  0
135  0
136  0
137  0
138  0
139  0
140  0
141  0
142  0
143  0
144  0
145  0
146  0
147  0
148  0
149  0
150  0
101  1
102  1
103  1
104  1
105  1
106  1
107  1
108  1
109  1
110  1
111  1
112  1
113  1
114  1
115  1
116  1
117  1
118  1
119  1
120  1
121  1
122  1
123  1
124  1
125  1
126  1
127  1
128  1
129  1
130  1
131  1
132  1
133  1
134  1
135  1
136  1
137  1
138  1
139  1
140  1
141  1
142  1
143  1
144  1
145  1
146  1
147  1
148  1
149  1
150  1
101  1
102  1
103  1
104  1
105  1
106  1
107  1
108  1
109  1
110  1
111  1
112  1
113  1
114  1
115  1
116  1
117  1
118  1
119  1
120  1
121  1
122  1
123  1
124  1
125  1
126  1
127  1
128  1
129  1
130  1
131  1
132  1
133  1
134  1
135  1
136  1
137  1
138  1
139  1
140  1
141  1
142  1
143  1
144  1
145  1
146  1
147  1
148  1
149  1
150  1
101  1
102  1
103  1
104  1
105  1
106  1
107  1
108  1
109  1
110  1
111  1
112  1
113  1
114  1
115  1
116  1
117  1
118  1
119  1
120  1
121  1
122  1
123  1
124  1
125  1
126  1
127  1
128  1
129  1
130  1
131  1
132  1
133  1
134  1
135  1
136  1
137  1
138  1
139  1
140  1
141  1
142  1
143  1
144  1
145  1
146  1
147  1
148  1
149  1
150  1
101  1
102  1
103  1
104  1
105  1
106  1
107  1
108  1
109  1
110  1
111  1
112  1
113  1
114  1
115  1
116  1
117  1
118  1
119  1
120  1
121  1
122  1
123  1
124  1
125  1
126  1
127  1
128  1
129  1
130  1
131  1
132  1
133  1
134  1
135  1
136  1
137  1
138  1
139  1
140  1
141  1
142  1
143  1
144  1
145  1
146  1
147  1
148  1
149  1
150  1
101  0
102  0
103  0
104  0
105  0
106  0
107  0
108  0
109  0
110  0
111  0
112  0
113  0
114  0
115  0
116  0
117  0
118  0
119  0
120  0
121  0
122  0
123  0
124  0
125  0
126  0
127  0
128  0
129  0
130  0
131  0
132  0
133  0
134  0
135  0
136  0
137  0
138  0
139  0
140  0
141  0
142  0
143  0
144  0
145  0
146  0
147  0
148  0
149  0
150  0
101  0
102  0
103  0
104  0
105  0
106  0
107  0
108  0
109  0
110  0
111  0
112  0
113  0
114  0
115  0
116  0
117  0
118  0
119  0
120  0
121  0
122  0
123  0
124  0
125  0
126  0
127  0
128  0
129  0
130  0
131  0
132  0
133  0
134  0
135  0
136  0
137  0
138  0
139  0
140  0
141  0
142  0
143  0
144  0
145  0
146  0
147  0
148  0
149  0
150  0
101  0
102  0
103  0
104  0
105  0
106  0
107  0
108  0
109  0
110  0
111  0
112  0
113  0
114  0
115  0
116  0
117  0
118  0
119  0
120  0
121  0
122  0
123  0
124  0
125  0
126  0
127  0
128  0
129  0
130  0
131  0
132  0
133  0
134  0
135  0
136  0
137  0
138  0
139  0
140  0
141  0
142  0
143  0
144  0
145  0
146  0
147  0
148  0
149  0
150  0
101  0
102  0
103  0
104  0
105  0
106  0
107  0
108  0
109  0
110  0
111  0
112  0
113  0
114  0
115  0
116  0
117  0
118  0
119  0
120  0
121  0
122  0
123  0
124  0
125  0
126  0
127  0
128  0
129  0
130  0
131  0
132  0
133  0
134  0
135  0
136  0
137  0
138  0
139  0
140  0
141  0
142  0
143  0
144  0
145  0
146  0
147  0
148  0
149  0
150  0
101  0.289854
102  0.540117
103  0.0252565
104  0.537643
105  0.198588
106  0.184653
107  0.118533
108  0.0842857
109  0.107248
110  0.194796
111  0.178377
112  0.178853
113  0.137485
114  0.145682
115  0.0922654
116  0.0905712
117  0.234941
118  0.181309
119  0.18143
120  0.280733
121  0.272658
122  0.340346
123  0.316263
124  0.339303
125  0.396305
126  1.25674
127  0.16742
128  0.133986
129  0.151617
130  0.414101
131  0.199298
132  0.197416
133  0.144619
134  0.126986
135  0.129373
136  0.130597
137  0.139284
138  0.102307
139  0.117432
140  0.113853
141  0.113387
142  0.115712
143  0.119252
144  0.118104
145  0.122318
146  0.130377
147  0.12306
148  0.151823
149  0.150007
150  0.1746
101  0.0826644
102  0.0306976
103  0.359083
104  0.238321
105  0.110869
106  0.117573
107  0.12624
108  0.218116
109  0.174032
110  0.139828
111  0.155604
112  0.163542
113  0.132603
114  0.118342
115  0.0711584
116  0.149218
117  0.157072
118  0.374761
119  0.24812
120  0.25596
121  0.25469
122  0.28826
123  0.293891
124  0.455501
125  0.420704
126  0.253636
127  0.419702
128  0.184997
129  0.231005
130  0.161703
131  0.243558
132  0.253154
133  0.142582
134  0.124576
135  0.125827
136  0.130619
137  0.11175
138  0.110262
139  0.12221
140  0.115832
141  0.114135
142  0.115669
143  0.11867
144  0.119619
145  0.125151
146  0.123496
147  0.137855
148  0.144979
149  0.137039
150  0.863568
101  0.309199
102  0.227354
103  0.144627
104  0.158475
105  0.162717
106  0.182526
107  0.182518
108  0.179697
109  0.186999
110  0.191591
111  0.174325
112  0.135732
113  0.148323
114  0.321823
115  0.262904
116  0.152585
117  0.147928
118  0.0964717
119  0.16217
120  0.170267
121  0.229306
122  0.301224
123  0.401819
124  0.334071
125  0.377501
126  0.345844
127  0.50636
128  0.528561
129  0.432884
130  0.46642
131  0.417038
132  0.411999
133  0.373275
134  0.259753
135  0.199605
136  0.224968
137  0.203101
138  0.258455
139  0.162771
140  0.273749
141  0.127946
142  0.154835
143  0.156595
144  0.186295
145  0.171932
146  0.166102
147  0.131099
148  0.122801
149  0.123219
150  0.0968803
101  0.221732
102  0.214584
103  0.230381
104  0.165009
105  0.190339
106  0.179376
107  0.173942
108  0.176346
109  0.177037
110  0.183851
111  0.182123
112  0.148961
113  0.2055
114  0.363709
115  0.254216
116  0.228345
117  0.146295
118  0.137569
119  0.108921
120  0.12399
121  0.153404
122  0.154693
123  0.152655
124  0.164408
125  0.169135
126  0.387099
127  0.382912
128  0.450364
129  0.471045
130  0.43537
131  0.430228
132  0.41249
133  0.317434
134  0.245527
135  0.206293
136  0.239056
137  0.241898
138  0.211093
139  0.194995
140  0.137158
141  0.234374
142  0.215597
143  0.357384
144  0.103772
145  0.132265
146  0.129971
147  0.12715
148  0.116729
149  0.120411
150  0.14599
101  0.609011
102  0.416825
103  0.483176
104  0.337998
105  0.257935
106  0.815603
107  0.803154
108  0.604349
109  0.868754
110  1.02119
111  0.2181
112  0.670404
113  0.119118
114  0.0977178
115  0.119519
116  0.318648
117  0.293327
118  0.296233
119  0.310159
120  0.567706
121  0.400688
122  0.297105
123  0.40672
124  0.385718
125  0.848618
126  0.912586
127  0.492922
128  0.396394
129  0.259912
130  0.190089
131  0.157552
132  0.0886708
133  0.0689065
134  0.0516616
135  0.154403
136  0.078268
137  0.169576
138  0.124739
139  0.0921264
140  0.0822038
141  0.0814707
142  0.244154
143  0.111926
144  0.117107
145  0.130156
146  0.117762
147  0.12132
148  0.121594
149  0.119107
150  0.122173
101  0.661853
102  0.70448
103  0.757602
104  0.501471
105  0.494255
106  0.362186
107  0.871016
108  0.986135
109  0.570043
110  0.986554
111  0.938452
112  0.346065
113  0.225128
114  0.0866345
115  0.107672
116  0.369806
117  0.39008
118  0.354273
119  0.399503
120  0.447605
121  0.294031
122  0.57892
123  0.35915
124  0.342327
125  0.330283
126  0.628726
127  0.360845
128  0.373781
129  0.387116
130  0.176427
131  0.195606
132  0.0475249
133  0.0407068
134  0.0368603
135  0.0779814
136  0.307085
137  0.114477
138  0.0752721
139  0.163487
140  0.0925988
141  0.121342
142  0.128871
143  0.126817
144  0.128005
145  0.144826
146  0.118743
147  0.120027
148  0.121637
149  0.123125
150  0.118351
101  27.2892
102  18.8921
103  16.1755
104  15.2644
105  13.2955
106  13.5334
107  15.1136
108  15.4307
109  13.8338
110  7.65708
111  5.47093
112  0.654409
113  0.60808
114  0.473867
115  0.137842
116  0.077809
117  0.1798
118  2.29439
119  1.38785
120  0.539532
121  0.21425
122  0.408578
123  1.27356
124  1.58529
125  0.723298
126  0.877165
127  0.170667
128  0.241405
129  0.188957
130  0.161096
131  0.0944516
132  0.114971
133  0.0962226
134  0.0990031
135  0.0984577
136  0.105546
137  0.0894734
138  0.0935509
139  0.100679
140  0.0913528
141  0.109712
142  0.0995927
143  0.101499
144  0.0974835
145  0.120476
146  0.150852
147  0.0789377
148  0.142629
149  0.088403
150  0.157427
101  36.1781
102  15.1836
103  12.9096
104  13.8273
105  14.6926
106  11.3528
107  14.1811
108  16.9472
109  15.1414
110  22.379
111  7.58438
112  1.72757
113  7.94306
114  0.733651
115  0.231063
116  0.400366
117  0.537019
118  2.02382
119  1.75288
120  0.683582
121  0.580646
122  0.439421
123  0.566458
124  0.629783
125  3.13613
126  0.184827
127  0.295303
128  0.241226
129  0.147039
130  0.136813
131  0.131408
132  0.0827319
133  0.105649
134  0.116429
135  0.117521
136  0.119241
137  0.106447
138  0.101642
139  0.102099
140  0.110789
141  0.107281
142  0.0945829
143  0.104977
144  0.0986364
145  0.112781
146  0.0640116
147  0.144106
148  0.0992127
149  0.13585
150  0.123843
101  72.9094
102  25.1764
103  58.1747
104  207.362
105  22.9428
106  6.28318
107  5.42472
108  2.77703
109  0.442241
110  0.484799
111  3.5323
112  2.16228
113  2.57772
114  16.0879
115  24.4235
116  0.934047
117  4.04171
118  19.8413
119  1.80252
120  5.34163
121  5.69032
122  2.67704
123  3.54593
124  2.66255
125  2.13236
126  2.53465
127  2.13954
128  1.91656
129  1.77142
130  1.91197
131  1.81994
132  0.966999
133  1.10718
134  0.566081
135  0.538167
136  0.0604537
137  0.0694461
138  0.300578
139  0.62737
140  0.0931385
141  0.519118
142  0.137629
143  0.126618
144  0.621517
145  0.480411
146  0.128588
147  1.26161
148  1.9853
149  1.37429
150  1.47707
101  22.2573
102  51.7225
103  4.03204
104  5.4994
105  8.05834
106  19.8847
107  5.6084
108  2.60445
109  0.50039
110  3.84416
111  1.75571
112  7.08719
113  27.143
114  10.3692
115  26.2901
116  54.3384
117  39.3999
118  10.5574
119  6.92959
120  4.94739
121  1.78218
122  2.53865
123  2.78577
124  2.11517
125  2.09625
126  3.00112
127  2.00503
128  1.83193
129  2.10935
130  1.69742
131  2.61165
132  2.22434
133  6.62712
134  3.46308
135  1.04337
136  0.0948001
137  0.0873849
138  0.726352
139  0.650126
140  0.275043
141  0.0689735
142  0.0539047
143  0.647088
144  0.987864
145  0.214346
146  0.285198
147  0.291084
148  0.12203
149  2.82046
150  3.4309
101  0.137005
102  0.0991058
103  0.146782
104  0.121393
105  0.127954
106  0.0857188
107  0.284184
108  0.243834
109  1.22947
110  0.949309
111  0.887904
112  0.642666
113  2.04844
114  1.2532
115  2.14444
116  1.51183
117  1.49194
118  0.617888
119  1.10296
120  0.688655
121  0.999492
122  0.530489
123  0.622042
124  0.370466
125  0.50123
126  0.269634
127  0.224938
128  0.176317
129  0.173051
130  0.216652
131  0.162185
132  0.172252
133  0.170784
134  0.185933
135  0.181197
136  0.22823
137  0.239732
138  0.196421
139  0.171161
140  0.258279
141  0.304161
142  0.21223
143  0.205696
144  0.404799
145  0.334495
146  0.335591
147  0.419353
148  0.241821
149  0.291105
150  0.105705
101  0.121125
102  0.14462
103  0.125531
104  0.115427
105  0.124646
106  0.131306
107  0.114827
108  0.469578
109  0.459779
110  1.102
111  1.52954
112  1.35104
113  0.403228
114  0.437611
115  1.32807
116  1.81616
117  1.40491
118  1.18143
119  1.07696
120  1.28083
121  0.890065
122  1.02307
123  0.402148
124  0.71619
125  0.346363
126  0.363872
127  0.258711
128  0.242368
129  0.182447
130  0.167221
131  0.178119
132  0.18879
133  0.180356
134  0.179888
135  0.195165
136  0.202587
137  0.202336
138  0.224596
139  0.214927
140  0.248722
141  0.255933
142  0.432556
143  0.315584
144  0.391193
145  0.392439
146  0.40072
147  0.27584
148  0.341693
149  0.296187
150  0.38349
