101  50
102  50
103  50
104  50
105  50
106  50
107  50
108  50
109  50
110  50
111  50
112  50
113  50
114  50
115  50
116  50
117  50
118  50
119  50
120  50
121  50
122  50
123  50
124  50
125  50
126  50
127  50
128  50
129  50
130  50
131  50
132  50
133  50
134  50
135  50
136  50
137  50
138  50
139  50
140  50
141  50
142  50
143  50
144  50
145  50
146  50
147  50
148  50
149  50
150  50
101  50
102  50
103  50
104  50
105  50
106  50
107  50
108  50
109  50
110  50
111  50
112  50
113  50
114  50
115  50
116  50
117  50
118  50
119  50
120  50
121  50
122  50
123  50
124  50
125  50
126  50
127  50
128  50
129  50
130  50
131  50
132  50
133  50
134  50
135  50
136  50
137  50
138  50
139  50
140  50
141  50
142  50
143  50
144  50
145  50
146  50
147  50
148  50
149  50
150  50
101  50
102  50
103  50
104  50
105  50
106  50
107  50
108  50
109  50
110  50
111  50
112  50
113  50
114  50
115  50
116  50
117  50
118  50
119  50
120  50
121  50
122  50
123  50
124  50
125  50
126  50
127  50
128  50
129  50
130  50
131  50
132  50
133  50
134  50
135  50
136  50
137  50
138  50
139  50
140  50
141  50
142  50
143  50
144  50
145  50
146  50
147  50
148  50
149  50
150  50
101  50
102  50
103  50
104  50
105  50
106  50
107  50
108  50
109  50
110  50
111  50
112  50
113  50
114  50
115  50
116  50
117  50
118  50
119  50
120  50
121  50
122  50
123  50
124  50
125  50
126  50
127  50
128  50
129  50
130  50
131  50
132  50
133  50
134  50
135  50
136  50
137  50
138  50
139  50
140  50
141  50
142  50
143  50
144  50
145  50
146  50
147  50
148  50
149  50
150  50
101  0
102  0
103  0
104  0
105  0
106  0
107  0
108  0
109  0
110  0
111  0
112  0
113  0
114  0
115  0
116  0
117  0
118  0
119  0
120  0
121  0
122  0
123  0
124  0
125  0
126  0
127  0
128  0
129  0
130  0
131  0
132  0
133  0
134  0
135  0
136  0
137  0
138  0
139  0
140  0
141  0
142  0
143  0
144  0
145  0
146  0
147  0
148  0
149  0
150  0
101  0
102  0
103  0
104  0
105  0
106  0
107  0
108  0
109  0
110  0
111  0
112  0
113  0
114  0
115  0
116  0
117  0
118  0
119  0
120  0
121  0
122  0
123  0
124  0
125  0
126  0
127  0
128  0
129  0
130  0
131  0
132  0
133  0
134  0
135  0
136  0
137  0
138  0
139  0
140  0
141  0
142  0
143  0
144  0
145  0
146  0
147  0
148  0
149  0
150  0
101  0
102  0
103  0
104  0
105  0
106  0
107  0
108  0
109  0
110  0
111  0
112  0
113  0
114  0
115  0
116  0
117  0
118  0
119  0
120  0
121  0
122  0
123  0
124  0
125  0
126  0
127  0
128  0
129  0
130  0
131  0
132  0
133  0
134  0
135  0
136  0
137  0
138  0
139  0
140  0
141  0
142  0
143  0
144  0
145  0
146  0
147  0
148  0
149  0
150  0
101  0
102  0
103  0
104  0
105  0
106  0
107  0
108  0
109  0
110  0
111  0
112  0
113  0
114  0
115  0
116  0
117  0
118  0
119  0
120  0
121  0
122  0
123  0
124  0
125  0
126  0
127  0
128  0
129  0
130  0
131  0
132  0
133  0
134  0
135  0
136  0
137  0
138  0
139  0
140  0
141  0
142  0
143  0
144  0
145  0
146  0
147  0
148  0
149  0
150  0
101  5
102  5
103  5
104  5
105  5
106  5
107  5
108  5
109  5
110  5
111  5
112  5
113  5
114  5
115  5
116  5
117  5
118  5
119  5
120  5
121  5
122  5
123  5
124  5
125  5
126  5
127  5
128  5
129  5
130  5
131  5
132  5
133  5
134  5
135  5
136  5
137  5
138  5
139  5
140  5
141  5
142  5
143  5
144  5
145  5
146  5
147  5
148  5
149  5
150  5
101  5
102  5
103  5
104  5
105  5
106  5
107  5
108  5
109  5
110  5
111  5
112  5
113  5
114  5
115  5
116  5
117  5
118  5
119  5
120  5
121  5
122  5
123  5
124  5
125  5
126  5
127  5
128  5
129  5
130  5
131  5
132  5
133  5
134  5
135  5
136  5
137  5
138  5
139  5
140  5
141  5
142  5
143  5
144  5
145  5
146  5
147  5
148  5
149  5
150  5
101  5
102  5
103  5
104  5
105  5
106  5
107  5
108  5
109  5
110  5
111  5
112  5
113  5
114  5
115  5
116  5
117  5
118  5
119  5
120  5
121  5
122  5
123  5
124  5
125  5
126  5
127  5
128  5
129  5
130  5
131  5
132  5
133  5
134  5
135  5
136  5
137  5
138  5
139  5
140  5
141  5
142  5
143  5
144  5
145  5
146  5
147  5
148  5
149  5
150  5
101  5
102  5
103  5
104  5
105  5
106  5
107  5
108  5
109  5
110  5
111  5
112  5
113  5
114  5
115  5
116  5
117  5
118  5
119  5
120  5
121  5
122  5
123  5
124  5
125  5
126  5
127  5
128  5
129  5
130  5
131  5
132  5
133  5
134  5
135  5
136  5
137  5
138  5
139  5
140  5
141  5
142  5
143  5
144  5
145  5
146  5
147  5
148  5
149  5
150  5
101  0
102  0
103  0
104  0
105  0
106  0
107  0
108  0
109  0
110  0
111  0
112  0
113  0
114  0
115  0
116  0
117  0
118  0
119  0
120  0
121  0
122  0
123  0
124  0
125  0
126  0
127  0
128  0
129  0
130  0
131  0
132  0
133  0
134  0
135  0
136  0
137  0
138  0
139  0
140  0
141  0
142  0
143  0
144  0
145  0
146  0
147  0
148  0
149  0
150  0
101  0
102  0
103  0
104  0
105  0
106  0
107  0
108  0
109  0
110  0
111  0
112  0
113  0
114  0
115  0
116  0
117  0
118  0
119  0
120  0
121  0
122  0
123  0
124  0
125  0
126  0
127  0
128  0
129  0
130  0
131  0
132  0
133  0
134  0
135  0
136  0
137  0
138  0
139  0
140  0
141  0
142  0
143  0
144  0
145  0
146  0
147  0
148  0
149  0
150  0
101  0
102  0
103  0
104  0
105  0
106  0
107  0
108  0
109  0
110  0
111  0
112  0
113  0
114  0
115  0
116  0
117  0
118  0
119  0
120  0
121  0
122  0
123  0
124  0
125  0
126  0
127  0
128  0
129  0
130  0
131  0
132  0
133  0
134  0
135  0
136  0
137  0
138  0
139  0
140  0
141  0
142  0
143  0
144  0
145  0
146  0
147  0
148  0
149  0
150  0
101  0
102  0
103  0
104  0
105  0
106  0
107  0
108  0
109  0
110  0
111  0
112  0
113  0
114  0
115  0
116  0
117  0
118  0
119  0
120  0
121  0
122  0
123  0
124  0
125  0
126  0
127  0
128  0
129  0
130  0
131  0
132  0
133  0
134  0
135  0
136  0
137  0
138  0
139  0
140  0
141  0
142  0
143  0
144  0
145  0
146  0
147  0
148  0
149  0
150  0
101  0
102  0
103  0
104  0
105  0
106  0
107  0
108  0
109  0
110  0
111  0
112  0
113  0
114  0
115  0
116  0
117  0
118  0
119  0
120  0
121  0
122  0
123  0
124  0
125  0
126  0
127  0
128  0
129  0
130  0
131  0
132  0
133  0
134  0
135  0
136  0
137  0
138  0
139  0
140  0
141  0
142  0
143  0
144  0
145  0
146  0
147  0
148  0
149  0
150  0
101  0
102  0
103  0
104  0
105  0
106  0
107  0
108  0
109  0
110  0
111  0
112  0
113  0
114  0
115  0
116  0
117  0
118  0
119  0
120  0
121  0
122  0
123  0
124  0
125  0
126  0
127  0
128  0
129  0
130  0
131  0
132  0
133  0
134  0
135  0
136  0
137  0
138  0
139  0
140  0
141  0
142  0
143  0
144  0
145  0
146  0
147  0
148  0
149  0
150  0
101  0
102  0
103  0
104  0
105  0
106  0
107  0
108  0
109  0
110  0
111  0
112  0
113  0
114  0
115  0
116  0
117  0
118  0
119  0
120  0
121  0
122  0
123  0
124  0
125  0
126  0
127  0
128  0
129  0
130  0
131  0
132  0
133  0
134  0
135  0
136  0
137  0
138  0
139  0
140  0
141  0
142  0
143  0
144  0
145  0
146  0
147  0
148  0
149  0
150  0
101  0
102  0
103  0
104  0
105  0
106  0
107  0
108  0
109  0
110  0
111  0
112  0
113  0
114  0
115  0
116  0
117  0
118  0
119  0
120  0
121  0
122  0
123  0
124  0
125  0
126  0
127  0
128  0
129  0
130  0
131  0
132  0
133  0
134  0
135  0
136  0
137  0
138  0
139  0
140  0
141  0
142  0
143  0
144  0
145  0
146  0
147  0
148  0
149  0
150  0
101  1
102  1
103  1
104  1
105  1
106  1
107  1
108  1
109  1
110  1
111  1
112  1
113  1
114  1
115  1
116  1
117  1
118  1
119  1
120  1
121  1
122  1
123  1
124  1
125  1
126  1
127  1
128  1
129  1
130  1
131  1
132  1
133  1
134  1
135  1
136  1
137  1
138  1
139  1
140  1
141  1
142  1
143  1
144  1
145  1
146  1
147  1
148  1
149  1
150  1
101  1
102  1
103  1
104  1
105  1
106  1
107  1
108  1
109  1
110  1
111  1
112  1
113  1
114  1
115  1
116  1
117  1
118  1
119  1
120  1
121  1
122  1
123  1
124  1
125  1
126  1
127  1
128  1
129  1
130  1
131  1
132  1
133  1
134  1
135  1
136  1
137  1
138  1
139  1
140  1
141  1
142  1
143  1
144  1
145  1
146  1
147  1
148  1
149  1
150  1
101  1
102  1
103  1
104  1
105  1
106  1
107  1
108  1
109  1
110  1
111  1
112  1
113  1
114  1
115  1
116  1
117  1
118  1
119  1
120  1
121  1
122  1
123  1
124  1
125  1
126  1
127  1
128  1
129  1
130  1
131  1
132  1
133  1
134  1
135  1
136  1
137  1
138  1
139  1
140  1
141  1
142  1
143  1
144  1
145  1
146  1
147  1
148  1
149  1
150  1
101  1
102  1
103  1
104  1
105  1
106  1
107  1
108  1
109  1
110  1
111  1
112  1
113  1
114  1
115  1
116  1
117  1
118  1
119  1
120  1
121  1
122  1
123  1
124  1
125  1
126  1
127  1
128  1
129  1
130  1
131  1
132  1
133  1
134  1
135  1
136  1
137  1
138  1
139  1
140  1
141  1
142  1
143  1
144  1
145  1
146  1
147  1
148  1
149  1
150  1
101  0
102  0
103  0
104  0
105  0
106  0
107  0
108  0
109  0
110  0
111  0
112  0
113  0
114  0
115  0
116  0
117  0
118  0
119  0
120  0
121  0
122  0
123  0
124  0
125  0
126  0
127  0
128  0
129  0
130  0
131  0
132  0
133  0
134  0
135  0
136  0
137  0
138  0
139  0
140  0
141  0
142  0
143  0
144  0
145  0
146  0
147  0
148  0
149  0
150  0
101  0
102  0
103  0
104  0
105  0
106  0
107  0
108  0
109  0
110  0
111  0
112  0
113  0
114  0
115  0
116  0
117  0
118  0
119  0
120  0
121  0
122  0
123  0
124  0
125  0
126  0
127  0
128  0
129  0
130  0
131  0
132  0
133  0
134  0
135  0
136  0
137  0
138  0
139  0
140  0
141  0
142  0
143  0
144  0
145  0
146  0
147  0
148  0
149  0
150  0
101  0
102  0
103  0
104  0
105  0
106  0
107  0
108  0
109  0
110  0
111  0
112  0
113  0
114  0
115  0
116  0
117  0
118  0
119  0
120  0
121  0
122  0
123  0
124  0
125  0
126  0
127  0
128  0
129  0
130  0
131  0
132  0
133  0
134  0
135  0
136  0
137  0
138  0
139  0
140  0
141  0
142  0
143  0
144  0
145  0
146  0
147  0
148  0
149  0
150  0
101  0
102  0
103  0
104  0
105  0
106  0
107  0
108  0
109  0
110  0
111  0
112  0
113  0
114  0
115  0
116  0
117  0
118  0
119  0
120  0
121  0
122  0
123  0
124  0
125  0
126  0
127  0
128  0
129  0
130  0
131  0
132  0
133  0
134  0
135  0
136  0
137  0
138  0
139  0
140  0
141  0
142  0
143  0
144  0
145  0
146  0
147  0
148  0
149  0
150  0
101  0.321268
102  0.318824
103  0.178048
104  0.322256
105  0.246588
106  0.15243
107  0.17584
108  0.161844
109  0.186733
110  0.205033
111  0.2037
112  0.202863
113  0.206056
114  0.196448
115  0.197536
116  0.204102
117  0.203467
118  0.208023
119  0.207353
120  0.192388
121  0.189075
122  0.157647
123  0.134659
124  0.11521
125  0.132748
126  0.124902
127  0.124956
128  0.396835
129  0.496715
130  0.368721
131  0.527188
132  0.747041
133  0.679019
134  0.613409
135  0.615045
136  1.22218
137  1.26144
138  0.668807
139  1.11478
140  0.88117
141  1.19081
142  1.08357
143  0.500201
144  0.393216
145  0.429871
146  0.325038
147  0.19494
148  0.390859
149  0.442471
150  0.394784
101  0.240356
102  0.204814
103  0.249642
104  0.200401
105  0.205309
106  0.139512
107  0.229595
108  0.206239
109  0.165609
110  0.205789
111  0.200089
112  0.198066
113  0.203272
114  0.200365
115  0.200285
116  0.204609
117  0.202988
118  0.202584
119  0.192848
120  0.211854
121  0.19489
122  0.174396
123  0.123433
124  0.14843
125  0.120946
126  0.097744
127  0.0915199
128  0.0521172
129  0.133789
130  0.0909545
131  0.417172
132  0.357426
133  0.465972
134  0.243693
135  1.4982
136  1.66048
137  0.509428
138  1.3215
139  1.54719
140  0.76451
141  0.353579
142  0.443497
143  0.455472
144  0.491687
145  0.400764
146  0.296474
147  0.224916
148  0.24358
149  0.540087
150  0.491686
101  0.111402
102  0.11177
103  0.112811
104  0.118032
105  0.124198
106  0.124538
107  0.13252
108  0.132751
109  0.119366
110  0.14535
111  0.136899
112  0.13808
113  0.191012
114  0.219392
115  0.335976
116  0.319975
117  0.604158
118  0.755275
119  0.431997
120  0.918677
121  1.07372
122  1.12787
123  1.65818
124  0.156136
125  0.301758
126  0.339826
127  0.432225
128  0.998345
129  0.429398
130  1.41926
131  0.739209
132  0.774059
133  0.758192
134  0.715769
135  0.616674
136  1.14392
137  1.89821
138  1.94165
139  0.304517
140  0.652425
141  0.561369
142  0.813552
143  0.368191
144  0.992747
145  1.28946
146  0.786959
147  0.803947
148  0.845752
149  0.477192
150  0.473149
101  0.0924781
102  0.106446
103  0.108791
104  0.120904
105  0.1288
106  0.119806
107  0.131212
108  0.134075
109  0.139166
110  0.121526
111  0.0805221
112  0.124033
113  0.220695
114  0.364816
115  0.448197
116  0.33579
117  0.384218
118  1.51882
119  0.840457
120  1.29817
121  0.300914
122  1.60522
123  0.234673
124  0.954726
125  0.620578
126  0.483202
127  0.675407
128  0.638047
129  1.0728
130  0.849885
131  0.477402
132  0.681855
133  0.905636
134  0.792
135  0.779749
136  0.78947
137  1.23337
138  0.651211
139  0.832293
140  0.693451
141  0.577461
142  0.400237
143  0.657142
144  0.66409
145  0.217675
146  1.58697
147  1.95006
148  1.44572
149  0.987859
150  0.394
101  0.135063
102  0.142175
103  0.195083
104  0.126131
105  0.16492
106  0.12425
107  0.110572
108  0.137922
109  0.133719
110  0.134369
111  0.161421
112  0.15303
113  0.145809
114  0.138241
115  0.145311
116  0.0799816
117  0.121749
118  0.118159
119  0.112659
120  0.107263
121  0.10588
122  0.209926
123  0.141535
124  0.142965
125  0.132593
126  0.0747215
127  0.0768524
128  0.238181
129  0.149877
130  0.146558
131  0.162881
132  0.166274
133  0.117262
134  0.118216
135  0.110284
136  0.118682
137  0.129445
138  0.128063
139  0.141988
140  0.0983827
141  0.107375
142  0.104114
143  0.104035
144  0.103981
145  0.0850475
146  0.0849421
147  0.06733
148  0.0668858
149  0.10971
150  0.0923007
101  0.0934029
102  0.131835
103  0.171044
104  0.162815
105  0.140719
106  0.135548
107  0.10782
108  0.119822
109  0.151534
110  0.186614
111  0.151992
112  0.131958
113  0.139977
114  0.164407
115  0.10551
116  0.118286
117  0.108563
118  0.117751
119  0.11665
120  0.126748
121  0.175927
122  0.248129
123  0.122704
124  0.104191
125  0.16714
126  0.192076
127  0.227824
128  0.190793
129  0.15313
130  0.0992488
131  0.107502
132  0.15706
133  0.112699
134  0.100812
135  0.101133
136  0.0934154
137  0.115744
138  0.103068
139  0.108854
140  0.125995
141  0.111995
142  0.110761
143  0.119164
144  0.126611
145  0.0936632
146  0.0915714
147  0.104966
148  0.0678756
149  0.300662
150  0.138018
101  0.0738302
102  0.166998
103  0.173746
104  0.19166
105  0.621028
106  0.107762
107  6.23148
108  5.7336
109  6.73277
110  6.23882
111  23.555
112  4.21963
113  1.43225
114  2.03416
115  2.62528
116  3.81558
117  10.1841
118  4.47028
119  1.04183
120  1.22802
121  1.53139
122  2.53103
123  0.395416
124  1.23267
125  1.42921
126  0.639465
127  2.28201
128  1.24959
129  1.3035
130  0.926574
131  1.12575
132  1.25984
133  1.86663
134  1.4561
135  0.975595
136  1.39392
137  2.00342
138  2.92287
139  1.20189
140  3.44179
141  4.33864
142  4.15155
143  2.80744
144  2.74837
145  1.51307
146  0.515709
147  2.11231
148  2.22281
149  0.48868
150  1.38917
101  0.0905537
102  0.0870312
103  0.11077
104  0.100815
105  0.119542
106  1.3201
107  2.34712
108  2.01721
109  2.20919
110  9.62169
111  5.73459
112  9.32834
113  3.78267
114  6.80297
115  3.62111
116  6.60037
117  8.52239
118  1.29208
119  1.13731
120  2.64923
121  6.28668
122  0.304772
123  4.21468
124  2.70731
125  2.12613
126  1.19148
127  1.7755
128  1.8161
129  1.52398
130  1.42511
131  1.99996
132  2.00854
133  2.11298
134  1.94873
135  0.853949
136  1.04425
137  3.61211
138  1.37253
139  1.09511
140  21.8162
141  7.70686
142  6.48124
143  2.86491
144  2.89099
145  1.73712
146  3.21555
147  3.12661
148  1.93537
149  4.83634
150  0.311923
101  16.2689
102  12.8953
103  28.7649
104  11.2221
105  1.16184
106  0.216718
107  0.130104
108  0.381904
109  0.0821987
110  0.0970046
111  0.277446
112  0.265144
113  0.424087
114  0.418491
115  0.546696
116  1.00763
117  1.26178
118  1.55387
119  1.30411
120  1.34158
121  1.2584
122  1.35952
123  1.6191
124  1.382
125  1.41134
126  1.3892
127  1.342
128  0.888503
129  0.666631
130  0.411776
131  1.04903
132  0.76476
133  0.432482
134  0.296544
135  0.277359
136  0.145718
137  0.128846
138  0.178835
139  0.143913
140  0.232922
141  0.23016
142  0.309717
143  0.3058
144  0.308492
145  0.309301
146  0.297751
147  0.28741
148  0.307945
149  0.361683
150  0.076638
101  8.58676
102  12.9484
103  7.57263
104  8.71204
105  6.76781
106  0.317837
107  1.79548
108  0.138461
109  0.0350973
110  0.284569
111  0.227789
112  0.391017
113  0.374138
114  0.376562
115  0.558011
116  0.434395
117  0.435012
118  2.34396
119  1.55332
120  1.44628
121  1.31216
122  1.54269
123  1.49703
124  1.33621
125  1.23459
126  1.26551
127  1.01886
128  1.24291
129  0.970011
130  0.949394
131  0.498564
132  0.342025
133  0.324856
134  0.552012
135  0.272324
136  0.180037
137  0.250457
138  0.134083
139  0.200774
140  0.124442
141  0.180149
142  0.314763
143  0.286667
144  0.308377
145  0.294763
146  0.276048
147  0.276942
148  0.242412
149  0.206498
150  0.249324
101  0.131687
102  0.143952
103  0.142116
104  0.127558
105  0.109972
106  0.119446
107  0.128964
108  0.098071
109  0.112418
110  0.111566
111  0.115615
112  0.124184
113  0.128584
114  0.131444
115  0.166268
116  0.178232
117  0.313062
118  0.453276
119  0.430351
120  0.472881
121  0.482254
122  0.487674
123  0.455329
124  0.436213
125  0.387799
126  0.508344
127  0.509165
128  0.527372
129  0.417191
130  0.522725
131  0.052681
132  0.168143
133  0.230346
134  0.209161
135  0.243913
136  0.216637
137  0.293313
138  0.290916
139  0.425161
140  0.398134
141  0.363084
142  0.491076
143  0.36649
144  0.351177
145  0.553598
146  1.01834
147  0.797944
148  0.804243
149  0.501721
150  0.331092
101  0.126964
102  0.124936
103  0.139382
104  0.13588
105  0.128369
106  0.128351
107  0.123789
108  0.120596
109  0.128615
110  0.0934952
111  0.111799
112  0.124322
113  0.128158
114  0.125555
115  0.120799
116  0.18
117  0.374654
118  0.385266
119  0.378256
120  0.493618
121  0.489268
122  0.464156
123  0.45966
124  0.428656
125  0.469318
126  0.437266
127  0.438613
128  0.457017
129  0.451816
130  0.2172
131  0.170686
132  0.290992
133  0.216065
134  0.201411
135  0.225749
136  0.191905
137  0.506558
138  0.430652
139  0.398595
140  0.420324
141  0.396801
142  0.400689
143  0.451264
144  0.58251
145  0.623097
146  0.402581
147  0.486499
148  0.326998
149  0.341817
150  0.220015
